1	41.06
2	70.509
3	92.03
4	105.06
5	112.7
6	118.65
7	121.2
8	114.97
9	98.543
10	79.854
11	70.792
12	77.305
13	86.65
14	86.367
15	69.093
16	53.236
17	45.873
18	41.909
19	40.21
20	38.228
21	37.378
22	36.812
23	38.511
24	54.652
25	77.588
26	90.331
27	94.295
28	99.675
29	104.77
30	109.59
31	116.1
32	123.74
33	134.79
34	157.16
35	180.1
36	193.69
37	199.63
38	198.5
39	186.33
40	167.35
41	147.81
42	136.77
43	132.24
44	130.26
45	124.31
46	93.729
47	83.535
48	99.392
49	124.31
50	147.53
51	163.95
52	171.88
53	175.56
54	176.7
55	173.58
56	169.05
57	165.37
58	159.42
59	143.57
60	103.92
61	74.19
62	66.828
63	60.881
64	56.917
65	53.802
66	50.97
67	48.422
68	45.59
69	43.608
70	41.909
71	42.192
72	43.891
73	48.705
74	50.97
75	54.652
76	66.262
77	75.323
78	90.048
79	102.51
80	108.74
81	111.29
82	112.7
83	115.82
84	118.93
85	126.29
86	129.41
87	131.96
88	129.69
89	151.21
90	167.64
91	184.63
92	199.35
93	204.73
94	200.2
95	201.33
96	202.18
97	190.57
98	167.07
99	143.85
100	117.8
101	95.428
102	89.765
103	91.18
104	125.44
105	135.64
106	137.34
107	123.74
108	103.64
109	86.083
110	73.341
111	63.713
112	54.652
113	47.856
114	42.475
115	38.511
116	35.679
117	33.414
118	30.582
119	28.317
120	26.42
121	24.409
122	23.192
123	23.786
124	29.733
125	39.927
126	45.307
127	46.723
128	54.652
129	67.394
130	64.846
131	55.784
132	76.456
133	92.596
134	99.675
135	105.62
136	112.13
137	117.8
138	122.9
139	108.17
140	64.563
141	53.519
142	54.368
143	58.899
144	59.749
145	60.315
146	65.129
147	67.394
148	82.969
149	103.92
150	116.38
151	123.18
152	110.15
153	70.509
154	58.05
155	65.978
156	67.677
157	61.165
158	49.838
159	38.794
160	31.715
161	27.467
162	24.749
163	21.889
164	20.501
165	19.142
166	17.811
167	17.245
168	42.192
169	82.969
170	92.313
171	79.57
172	62.58
173	47.006
174	32.564
175	30.016
176	33.414
177	28.6
178	26.023
179	23.248
180	24.381
181	24.098
182	24.409
183	24.324
184	19.284
185	16.197
186	14.555
187	13.762
188	15.574
189	20.445
190	23.673
191	23.446
192	20.077
193	16.99
194	15.263
195	13.705
196	11.893
197	10.506
198	9.5994
199	8.9481
200	8.4951
201	8.4668
202	13.705
203	14.073
204	19.425
205	20.558
206	21.577
207	20.898
208	25.825
209	57.766
210	73.058
211	74.757
212	54.085
213	45.307
214	66.828
215	80.703
216	81.553
217	123.74
218	208.13
219	233.33
220	257.68
221	273.54
222	283.17
223	286
224	283.17
225	277.51
226	227.67
227	168.77
228	132.24
229	118.93
230	104.77
231	90.897
232	78.438
233	69.376
234	73.341
235	67.394
236	55.218
237	54.085
238	54.368
239	51.537
240	45.024
241	43.325
242	42.475
243	37.095
244	31.998
245	33.98
246	27.694
247	31.715
248	64.846
249	86.367
250	108.74
251	126.86
252	139.6
253	146.12
254	147.81
255	147.25
256	146.68
257	146.4
258	149.51
259	152.06
260	98.826
261	52.386
262	44.458
263	43.608
264	37.661
265	33.98
266	35.679
267	41.626
268	42.475
269	36.812
270	32.564
271	29.45
272	26.958
273	26.618
274	26.731
275	25.57
276	22.965
277	20.87
278	19.454
279	18.123
280	17.273
281	16.537
282	16.056
283	15.348
284	14.838
285	14.583
286	14.13
287	13.507
288	12.997
289	13.96
290	17.415
291	19.85
292	25.91
293	27.751
294	31.432
295	33.697
296	31.149
297	27.977
298	24.551
299	21.747
300	19.935
301	18.887
302	18.038
303	17.472
304	16.82
305	16.339
306	16.141
307	16.056
308	15.857
309	15.688
310	15.603
311	15.234
312	15.065
313	15.15
314	15.093
315	14.668
316	14.555
317	14.442
318	14.413
319	14.668
320	14.866
321	14.753
322	17.075
323	19.963
324	28.147
325	38.228
326	45.59
327	50.687
328	47.856
329	42.192
330	37.095
331	31.998
332	29.45
333	27.609
334	25.995
335	32.564
336	40.776
337	69.943
338	79.854
339	77.305
340	62.864
341	50.121
342	46.723
343	51.82
344	76.172
345	92.313
346	101.37
347	96.844
348	69.66
349	57.766
350	51.254
351	49.555
352	54.085
353	59.465
354	59.749
355	59.182
356	59.749
357	63.43
358	63.43
359	60.315
360	55.784
361	51.254
362	55.501
363	64.279
364	82.685
365	101.37
366	109.02
367	102.51
368	83.818
369	68.527
370	63.713
371	73.341
372	85.234
373	88.632
374	94.862
375	104.21
376	121.76
377	137.9
378	159.99
379	181.51
380	202.47
381	232.76
382	270.71
383	311.49
384	348.3
385	370.95
386	370.95
387	365.29
388	362.46
389	345.47
390	322.81
391	300.16
392	286
393	282.6
394	282.89
395	291.66
396	294.5
397	291.66
398	278.92
399	257.4
400	211.53
401	181.79
402	172.45
403	178.4
404	196.8
405	214.93
406	229.08
407	238.99
408	241.26
409	235.88
410	218.32
411	166.79
412	123.74
413	128.84
414	157.44
415	188.02
416	221.44
417	242.68
418	261.93
419	264.76
420	249.47
421	210.39
422	188.87
423	171.32
424	164.52
425	153.76
426	135.35
427	119.21
428	114.68
429	107.04
430	94.012
431	82.969
432	76.739
433	73.341
434	70.792
435	69.093
436	67.961
437	75.889
438	85.8
439	120.35
440	142.72
441	168.49
442	207
443	274.39
444	328.48
445	376.61
446	450.24
447	555.01
448	628.64
449	622.97
450	572
451	512.54
452	478.56
453	424.75
454	376.61
455	291.66
456	231.07
457	181.23
458	163.95
459	151.78
460	151.21
461	151.5
462	127.43
463	99.109
464	82.119
465	70.792
466	67.394
467	66.545
468	67.961
469	67.961
470	76.739
471	95.994
472	115.25
473	123.74
474	116.38
475	92.596
476	77.022
477	64.846
478	56.917
479	51.537
480	47.572
481	44.741
482	42.759
483	40.776
484	40.21
485	40.21
486	41.343
487	45.307
488	46.44
489	46.44
490	44.741
491	44.174
492	43.325
493	40.493
494	36.529
495	32.564
496	29.733
497	28.317
498	27.099
499	25.514
500	24.494
501	25.259
502	31.149
503	39.36
504	45.59
505	56.067
506	69.093
507	78.155
508	68.244
509	50.121
510	37.661
511	29.733
512	26.675
513	26.25
514	26.448
515	30.582
516	36.246
517	39.36
518	43.891
519	42.759
520	40.776
521	35.679
522	29.733
523	24.749
524	21.153
525	19.086
526	17.641
527	16.197
528	16.622
529	19.114
530	22.144
531	20.53
532	17.358
533	15.857
534	15.291
535	14.328
536	13.677
537	13.451
538	12.941
539	12.516
540	11.978
541	10.987
542	10.024
543	9.0897
544	10.109
545	10.109
546	9.8543
547	12.601
548	14.045
549	11.355
550	9.6561
551	8.665
552	8.2969
553	10.137
554	12.658
555	12.403
556	14.838
557	14.158
558	16.254
559	38.511
560	77.871
561	95.428
562	120.06
563	144.13
564	190.29
565	237.3
566	268.16
567	311.49
568	348.3
569	393.6
570	421.92
571	419.09
572	410.6
573	368.12
574	291.66
575	218.04
576	115.25
577	53.519
578	38.511
579	32.281
580	29.166
581	27.297
582	25.06
583	23.022
584	25.938
585	26.731
586	30.299
587	28.317
588	28.317
589	25.797
590	21.946
591	19.794
592	18.349
593	16.934
594	16.056
595	15.489
596	15.461
597	14.866
598	14.243
599	13.79
600	13.989
601	14.357
602	14.98
603	14.243
604	13.592
605	13.281
606	12.743
607	12.431
608	11.695
609	19.765
610	18.831
611	33.131
612	29.166
613	21.776
614	17.528
615	14.47
616	13.507
617	15.065
618	16.112
619	15.319
620	15.489
621	16.792
622	15.348
623	15.178
624	17.188
625	17.273
626	24.013
627	27.439
628	23.078
629	21.719
630	29.45
631	67.394
632	104.21
633	127.14
634	145.83
635	158.86
636	168.49
637	176.98
638	182.36
639	178.96
640	174.43
641	165.94
642	97.976
643	49.838
644	38.511
645	33.414
646	29.45
647	31.432
648	34.83
649	41.909
650	42.192
651	38.794
652	34.83
653	30.016
654	26.533
655	25.259
656	26.675
657	27.128
658	32.564
659	30.865
660	28.883
661	25.91
662	23.163
663	21.436
664	19.85
665	19.34
666	18.972
667	18.548
668	18.094
669	17.358
670	17.16
671	16.82
672	16.452
673	16.197
674	16.169
675	16.395
676	16.197
677	15.801
678	15.716
679	15.348
680	15.773
681	16.112
682	19.142
683	28.6
684	74.473
685	89.765
686	91.464
687	62.014
688	44.458
689	34.547
690	30.016
691	27.496
692	27.014
693	32.281
694	42.759
695	52.953
696	51.254
697	47.572
698	42.475
699	37.095
700	33.697
701	33.414
702	34.547
703	35.679
704	34.263
705	32.281
706	30.865
707	34.263
708	44.458
709	68.244
710	79.854
711	81.836
712	73.058
713	61.448
714	52.103
715	45.873
716	43.608
717	49.838
718	61.448
719	71.925
720	70.226
721	63.996
722	57.766
723	52.103
724	47.289
725	50.97
726	65.412
727	104.49
728	126.86
729	130.82
730	140.45
731	143
732	141.87
733	146.68
734	152.63
735	155.18
736	154.61
737	148.1
738	125.73
739	106.75
740	116.1
741	127.99
742	131.96
743	122.33
744	99.392
745	80.703
746	72.208
747	68.527
748	67.111
749	63.713
750	58.333
751	53.802
752	51.254
753	48.988
754	47.572
755	45.873
756	47.006
757	89.765
758	171.03
759	190.57
760	217.76
761	236.45
762	241.54
763	248.06
764	252.87
765	257.97
766	262.5
767	262.78
768	257.4
769	247.49
770	231.63
771	182.64
772	127.99
773	90.048
774	76.172
775	67.394
776	62.297
777	58.333
778	56.351
779	54.368
780	52.669
781	50.404
782	48.139
783	46.44
784	45.59
785	47.572
786	48.705
787	46.723
788	44.174
789	41.626
790	39.36
791	37.378
792	36.246
793	34.83
794	34.263
795	33.414
796	34.83
797	37.945
798	40.493
799	42.192
800	41.909
801	46.157
802	56.634
803	65.412
804	61.731
805	56.067
806	54.652
807	62.58
808	84.101
809	103.07
810	100.52
811	77.022
812	63.147
813	52.953
814	46.157
815	38.794
816	38.794
817	37.378
818	36.529
819	35.113
820	34.547
821	36.812
822	47.289
823	58.899
824	66.262
825	67.677
826	61.731
827	50.121
828	41.06
829	35.679
830	32.281
831	29.733
832	28.232
833	26.759
834	25.457
835	24.098
836	23.022
837	22.172
838	21.464
839	20.756
840	20.275
841	19.001
842	17.783
843	17.047
844	16.48
845	15.688
846	15.376
847	14.357
848	13.054
849	12.063
850	11.893
851	11.78
852	12.884
853	19.369
854	26.193
855	31.715
856	30.865
857	27.694
858	22.71
859	25.825
860	30.865
861	33.131
862	30.299
863	31.998
864	35.962
865	32.564
866	32.564
867	35.679
868	63.147
869	80.42
870	78.155
871	62.297
872	47.856
873	34.547
874	24.891
875	20.02
876	17.358
877	15.376
878	13.451
879	12.488
880	11.44
881	10.364
882	11.921
883	31.998
884	32.564
885	46.44
886	52.953
887	60.315
888	71.642
889	64.279
890	47.289
891	33.414
892	24.381
893	18.717
894	15.263
895	13.167
896	11.355
897	11.242
898	13.252
899	11.298
900	10.76
901	16.509
902	26.986
903	32.564
904	35.396
905	42.475
906	43.042
907	41.343
908	30.299
909	23.446
910	21.634
911	36.529
912	43.325
913	37.945
914	32.564
915	27.722
916	22.314
917	16.792
918	13.507
919	14.696
920	14.64
921	14.13
922	14.13
923	15.489
924	27.467
925	16.226
926	11.015
927	9.5428
928	8.665
929	7.9854
930	7.8155
931	7.1925
932	6.881
933	6.8244
934	6.7677
935	7.0509
936	11.157
937	29.166
938	17.103
939	10.93
940	8.9481
941	7.0792
942	6.0315
943	5.9465
944	5.8899
945	5.5218
946	6.7677
947	6.5412
948	9.3446
949	10.619
950	7.5889
951	9.0331
952	8.3535
953	6.7961
954	8.0137
955	7.6172
956	6.2864
957	5.8899
958	5.5218
959	5.3519
960	4.9838
961	5.0121
962	7.0226
963	6.5412
964	9.0048
965	9.6561
966	6.4563
967	6.5412
968	7.0792
969	6.3147
970	6.0315
971	5.3802
972	5.3802
973	5.0121
974	4.5024
975	4.3891
976	4.2759
977	4.4458
978	4.3891
979	4.0493
980	4.6723
981	4.5024
982	4.2192
983	4.1343
984	4.1343
985	4.2192
986	3.9077
987	8.9198
988	9.9675
989	12.205
990	15.319
991	30.865
992	34.263
993	27.043
994	21.209
995	15.603
996	11.808
997	9.741
998	8.6933
999	7.8721
1000	7.1925
1001	6.7677
1002	6.5412
1003	6.9376
1004	7.7305
1005	7.2774
1006	7.1359
1007	6.7111
1008	6.7111
1009	6.6545
1010	6.2864
1011	6.2864
1012	6.1731
1013	7.2208
1014	6.6828
1015	11.383
1016	17.953
1017	14.158
1018	11.327
1019	9.6277
1020	8.6933
1021	8.4384
1022	8.127
1023	7.3907
1024	8.7499
1025	10.166
1026	33.697
1027	57.483
1028	51.537
1029	35.396
1030	26.052
1031	19.765
1032	17.811
1033	17.302
1034	14.951
1035	13.507
1036	12.318
1037	12.374
1038	13.422
1039	12.658
1040	11.525
1041	10.93
1042	10.619
1043	10.137
1044	9.8543
1045	9.4012
1046	9.1747
1047	10.137
1048	10.166
1049	10.081
1050	16.792
1051	18.689
1052	22.823
1053	29.45
1054	28.119
1055	24.834
1056	21.153
1057	18.519
1058	16.48
1059	14.98
1060	14.215
1061	13.535
1062	13.451
1063	13.989
1064	15.801
1065	17.783
1066	26.561
1067	31.715
1068	33.131
1069	29.45
1070	25.089
1071	21.634
1072	21.181
1073	23.39
1074	54.652
1075	76.172
1076	87.216
1077	96.561
1078	99.959
1079	113.55
1080	128.56
1081	152.63
1082	160.27
1083	157.16
1084	141.3
1085	88.066
1086	79.854
1087	69.093
1088	63.713
1089	58.05
1090	52.386
1091	52.386
1092	53.519
1093	58.616
1094	61.165
1095	58.333
1096	53.519
1097	47.572
1098	42.475
1099	38.794
1100	35.113
1101	33.98
1102	33.697
1103	36.529
1104	40.21
1105	48.705
1106	113.27
1107	151.78
1108	169.62
1109	190.57
1110	208.41
1111	223.99
1112	230.78
1113	232.2
1114	226.54
1115	195.39
1116	152.91
1117	90.614
1118	72.774
1119	62.58
1120	56.067
1121	55.218
1122	56.067
1123	57.2
1124	56.917
1125	56.917
1126	56.634
1127	54.368
1128	47.856
1129	43.042
1130	40.493
1131	38.794
1132	38.228
1133	38.794
1134	37.095
1135	35.113
1136	32.848
1137	31.149
1138	30.582
1139	30.582
1140	30.865
1141	31.715
1142	32.848
1143	34.263
1144	34.83
1145	34.263
1146	32.281
1147	31.998
1148	33.131
1149	34.547
1150	33.414
1151	34.263
1152	41.343
1153	58.899
1154	72.208
1155	82.402
1156	96.561
1157	117.23
1158	126.58
1159	121.76
1160	95.428
1161	92.879
1162	125.73
1163	142.72
1164	159.42
1165	175.85
1166	191.99
1167	203.03
1168	212.94
1169	229.65
1170	236.16
1171	235.88
1172	236.16
1173	238.43
1174	242.68
1175	243.53
1176	228.52
1177	214.93
1178	211.53
1179	210.96
1180	211.81
1181	208.7
1182	199.35
1183	181.23
1184	129.69
1185	89.481
1186	83.818
1187	100.24
1188	110.72
1189	110.44
1190	97.127
1191	81.553
1192	81.27
1193	97.693
1194	111.57
1195	117.23
1196	117.23
1197	89.481
1198	63.147
1199	54.085
1200	48.139
1201	43.891
1202	39.644
1203	36.529
1204	33.697
1205	31.149
1206	29.45
1207	28.005
1208	27.382
1209	26.646
1210	25.967
1211	26.08
1212	26.136
1213	27.156
1214	26.986
1215	24.976
1216	22.993
1217	20.813
1218	19.001
1219	472.89
1220	458.73
1221	447.41
1222	430.42
1223	407.76
1224	376.61
1225	339.8
1226	302.99
1227	273.26
1228	254
1229	248.91
1230	254.29
1231	265.33
1232	272.13
1233	270.71
1234	265.05
1235	254.29
1236	237.3
1237	213.51
1238	171.32
1239	100.52
1240	58.899
1241	47.856
1242	40.493
1243	34.263
1244	30.299
1245	28.09
1246	25.57
1247	23.758
1248	22.427
1249	20.473
1250	19.001
1251	17.783
1252	16.934
1253	25.202
1254	46.157
1255	75.323
1256	92.03
1257	89.198
1258	102.79
1259	109.02
1260	99.959
1261	11.044
1262	10.279
1263	9.8826
1264	9.2879
1265	9.118
1266	9.5428
1267	8.6933
1268	8.0986
1269	7.7588
1270	7.3341
1271	7.3341
1272	7.2491
1273	7.7588
1274	7.5889
1275	7.5889
1276	6.9943
1277	6.4846
1278	6.0032
1279	6.3147
1280	6.9943
1281	11.327
1282	8.1836
1283	6.2297
1284	5.3802
1285	5.2386
1286	5.2386
1287	6.0315
1288	5.4368
1289	5.6917
1290	9.6277
1291	11.157
1292	8.6083
1293	7.419
1294	6.8244
1295	6.2297
1296	5.1537
1297	4.7572
1298	4.106
1299	3.8511
1300	3.6812
1301	3.6246
1302	3.3697
1303	6.3147
1304	3.6812
1305	3.3414
1306	3.1998
1307	3.0582
1308	2.8317
1309	3.1998
1310	5.2953
1311	4.5307
1312	8.8632
1313	9.7127
1314	7.5889
1315	6.4846
1316	5.3236
1317	4.4174
1318	4.0493
1319	3.8511
1320	4.2475
1321	3.9077
1322	3.9077
1323	4.4741
1324	4.9271
1325	4.2475
1326	19.794
1327	30.016
1328	22.852
1329	24.721
1330	20.841
1331	15.291
1332	10.619
1333	8.1836
1334	6.7394
1335	6.4279
1336	5.2386
1337	4.5873
1338	4.1909
1339	4.1343
1340	3.8511
1341	3.6812
1342	3.5679
1343	3.483
1344	3.483
1345	3.5679
1346	4.4741
1347	26.448
1348	82.119
1349	136.49
1350	158.86
1351	173.02
1352	176.41
1353	130.54
1354	54.935
1355	29.166
1356	20.728
1357	17.925
1358	17.415
1359	16.254
1360	14.498
1361	12.969
1362	11.836
1363	10.336
1364	9.118
1365	8.1836
1366	7.419
1367	6.9943
1368	6.4846
1369	6.2297
1370	5.8899
1371	5.8333
1372	5.5218
1373	5.5218
1374	6.6545
1375	8.0703
1376	6.1731
1377	5.2953
1378	5.3236
1379	5.2103
1380	5.2386
1381	6.0032
1382	9.5994
1383	12.771
1384	16.452
1385	29.45
1386	31.715
1387	27.326
1388	23.333
1389	19.51
1390	16.311
1391	13.989
1392	12.006
1393	10.421
1394	9.4578
1395	9.9392
1396	10.959
1397	50.687
1398	78.155
1399	79.57
1400	57.766
1401	43.608
1402	32.848
1403	26.59
1404	22.682
1405	21.464
1406	92.596
1407	157.73
1408	167.64
1409	176.98
1410	182.64
1411	175.56
1412	141.58
1413	93.446
1414	65.129
1415	50.97
1416	42.475
1417	36.812
1418	33.98
1419	31.715
1420	29.733
1421	27.779
1422	26.136
1423	26.646
1424	26.759
1425	26.788
1426	27.666
1427	27.694
1428	29.733
1429	30.016
1430	29.166
1431	27.836
1432	28.883
1433	34.83
1434	35.679
1435	34.263
1436	34.263
1437	35.962
1438	40.493
1439	42.475
1440	41.626
1441	36.529
1442	32.281
1443	29.45
1444	30.299
1445	43.042
1446	62.58
1447	87.216
1448	97.127
1449	93.163
1450	86.367
1451	94.862
1452	101.66
1453	119.5
1454	132.52
1455	136.2
1456	126.86
1457	97.127
1458	83.252
1459	71.642
1460	64.846
1461	68.81
1462	76.739
1463	84.384
1464	83.818
1465	76.456
1466	66.828
1467	60.315
1468	63.43
1469	78.438
1470	96.277
1471	104.77
1472	120.35
1473	130.82
1474	139.32
1475	157.16
1476	175.56
1477	192.84
1478	210.39
1479	229.93
1480	246.92
1481	274.67
1482	297.33
1483	314.32
1484	339.8
1485	362.46
1486	382.28
1487	402.1
1488	399.27
1489	382.28
1490	365.29
1491	342.63
1492	319.98
1493	297.33
1494	283.17
1495	273.54
1496	266.46
1497	252.87
1498	221.44
1499	148.95
1500	103.64
1501	86.933
1502	75.606
1503	68.81
1504	63.713
1505	60.315
1506	58.05
1507	56.917
1508	57.2
1509	58.05
1510	59.749
1511	65.412
1512	67.111
1513	65.978
1514	63.147
1515	60.598
1516	60.598
1517	60.598
1518	59.749
1519	58.616
1520	56.917
1521	55.501
1522	55.784
1523	63.996
1524	83.535
1525	108.17
1526	127.99
1527	136.77
1528	134.22
1529	122.05
1530	129.69
1531	149.8
1532	171.88
1533	194.54
1534	218.61
1535	244.66
1536	271.28
1537	288.83
1538	288.83
1539	278.64
1540	259.38
1541	198.5
1542	126.01
1543	83.818
1544	69.376
1545	62.864
1546	63.43
1547	123.74
1548	149.51
1549	167.07
1550	174.43
1551	171.6
1552	167.07
1553	141.87
1554	91.747
1555	70.792
1556	58.616
1557	52.669
1558	49.555
1559	46.723
1560	43.608
1561	41.06
1562	38.794
1563	37.945
1564	41.06
1565	44.458
1566	46.723
1567	44.741
1568	40.493
1569	46.723
1570	62.297
1571	93.729
1572	110.15
1573	109.87
1574	85.8
1575	66.545
1576	52.386
1577	88.066
1578	152.91
1579	193.4
1580	217.76
1581	288.83
1582	379.45
1583	438.91
1584	475.72
1585	492.71
1586	478.56
1587	461.57
1588	438.91
1589	402.1
1590	362.46
1591	322.81
1592	288.83
1593	266.46
1594	260.8
1595	267.03
1596	279.49
1597	286
1598	286
1599	279.49
1600	267.03
1601	248.62
1602	212.94
1603	162.82
1604	93.163
1605	64.279
1606	50.97
1607	42.475
1608	35.396
1609	30.865
1610	28.317
1611	26.25
1612	24.919
1613	23.928
1614	22.512
1615	21.464
1616	20.728
1617	19.907
1618	28.119
1619	48.988
1620	82.685
1621	99.109
1622	96.277
1623	110.44
1624	116.95
1625	92.313
1626	57.2
1627	37.661
1628	27.666
1629	23.758
1630	21.096
1631	19.057
1632	17.613
1633	16.65
1634	16.197
1635	20.218
1636	16.452
1637	17.33
1638	18.972
1639	23.022
1640	34.83
1641	33.414
1642	27.099
1643	24.296
1644	21.124
1645	18.887
1646	17.641
1647	16.905
1648	16.169
1649	14.64
1650	13.62
1651	13.167
1652	12.601
1653	15.15
1654	15.489
1655	16.877
1656	20.275
1657	18.944
1658	22.54
1659	26.929
1660	66.262
1661	90.614
1662	91.464
1663	69.66
1664	40.493
1665	27.099
1666	21.606
1667	24.296
1668	35.679
1669	36.246
1670	40.21
1671	49.838
1672	49.555
1673	37.095
1674	28.062
1675	26.25
1676	28.6
1677	45.59
1678	45.024
1679	47.572
1680	51.254
1681	52.386
1682	59.465
1683	63.713
1684	65.129
1685	56.917
1686	50.404
1687	48.988
1688	38.511
1689	30.865
1690	25.938
1691	24.013
1692	20.388
1693	18.491
1694	21.974
1695	23.078
1696	19.595
1697	16.197
1698	13.507
1699	12.035
1700	12.261
1701	12.346
1702	11.582
1703	10.421
1704	10.052
1705	9.4578
1706	9.118
1707	10.562
1708	13.705
1709	18.378
1710	17.868
1711	14.951
1712	13.847
1713	12.601
1714	11.015
1715	9.6561
1716	8.4384
1717	8.8066
1718	10.024
1719	8.8632
1720	7.7871
1721	7.5606
1722	7.5323
1723	7.2491
1724	6.6262
1725	6.258
1726	5.9749
1727	5.5784
1728	5.4085
1729	5.1537
1730	5.6351
1731	7.1925
1732	7.5323
1733	6.6545
1734	5.9182
1735	8.2402
1736	7.8721
1737	6.8244
1738	10.222
1739	11.27
1740	10.506
1741	8.9481
1742	8.0703
1743	7.2774
1744	6.7677
1745	6.343
1746	5.8899
1747	5.5501
1748	5.182
1749	4.9271
1750	4.7572
1751	4.5873
1752	4.4174
1753	4.3608
1754	4.4458
1755	4.3325
1756	4.3042
1757	4.3042
1758	4.1626
1759	4.021
1760	4.2475
1761	4.0493
1762	3.7661
1763	3.7378
1764	3.4547
1765	3.7378
1766	4.7856
1767	4.3891
1768	4.6157
1769	4.3608
1770	4.9555
1771	4.5307
1772	4.2759
1773	7.1359
1774	8.2969
1775	13.507
1776	22.823
1777	17.981
1778	14.498
1779	12.488
1780	10.93
1781	10.024
1782	9.3446
1783	8.6083
1784	9.1747
1785	11.213
1786	11.921
1787	11.667
1788	11.213
1789	11.242
1790	10.845
1791	10.789
1792	11.638
1793	12.969
1794	18.038
1795	45.873
1796	53.519
1797	62.014
1798	55.784
1799	45.024
1800	40.21
1801	48.422
1802	77.022
1803	94.578
1804	97.976
1805	72.774
1806	56.634
1807	48.988
1808	44.174
1809	44.174
1810	40.493
1811	35.396
1812	33.414
1813	32.564
1814	34.263
1815	35.396
1816	34.263
1817	33.697
1818	33.98
1819	35.962
1820	39.644
1821	44.741
1822	52.953
1823	60.881
1824	56.917
1825	47.572
1826	39.927
1827	35.113
1828	45.873
1829	58.333
1830	68.244
1831	84.384
1832	92.596
1833	82.685
1834	70.509
1835	67.677
1836	81.836
1837	92.313
1838	95.994
1839	99.392
1840	104.49
1841	119.78
1842	125.73
1843	130.26
1844	133.09
1845	141.58
1846	150.08
1847	147.25
1848	141.58
1849	134.22
1850	151.21
1851	166.5
1852	182.93
1853	205.3
1854	228.8
1855	243.53
1856	246.36
1857	249.19
1858	249.19
1859	230.78
1860	163.67
1861	98.543
1862	72.774
1863	62.297
1864	58.616
1865	54.652
1866	56.067
1867	62.014
1868	67.111
1869	65.695
1870	61.165
1871	57.483
1872	55.218
1873	52.953
1874	54.368
1875	66.262
1876	80.703
1877	83.535
1878	77.022
1879	85.234
1880	111
1881	135.07
1882	160.27
1883	192.55
1884	227.67
1885	288.83
1886	359.62
1887	416.26
1888	475.72
1889	509.7
1890	512.54
1891	509.7
1892	498.38
1893	475.72
1894	447.41
1895	407.76
1896	362.46
1897	314.32
1898	255.42
1899	233.05
1900	206.71
1901	184.63
1902	164.8
1903	133.09
1904	106.47
1905	92.596
1906	81.27
1907	73.624
1908	67.394
1909	106.75
1910	144.7
1911	163.39
1912	182.93
1913	203.03
1914	219.46
1915	227.1
1916	225.97
1917	219.74
1918	169.9
1919	127.43
1920	90.614
1921	90.048
1922	113.55
1923	131.67
1924	144.13
1925	159.99
1926	175.28
1927	182.08
1928	171.88
1929	125.44
1930	107.6
1931	102.79
1932	103.36
1933	99.959
1934	87.499
1935	70.509
1936	58.333
1937	50.404
1938	45.307
1939	41.343
1940	38.228
1941	36.812
1942	38.511
1943	39.927
1944	44.741
1945	47.572
1946	48.705
1947	44.741
1948	38.228
1949	33.131
1950	29.166
1951	27.949
1952	35.113
1953	47.572
1954	43.325
1955	33.98
1956	30.582
1957	32.281
1958	73.058
1959	86.65
1960	95.711
1961	108.45
1962	123.18
1963	141.3
1964	163.39
1965	185.48
1966	197.65
1967	199.35
1968	191.42
1969	179.25
1970	161.12
1971	149.23
1972	146.4
1973	156.03
1974	161.97
1975	160.84
1976	114.4
1977	70.792
1978	56.351
1979	49.838
1980	46.44
1981	45.59
1982	81.553
1983	118.36
1984	141.87
1985	168.2
1986	193.12
1987	212.66
1988	222.29
1989	223.7
1990	215.21
1991	149.23
1992	69.093
1993	44.174
1994	53.236
1995	93.163
1996	112.7
1997	115.53
1998	90.897
1999	60.881
2000	46.723
2001	40.21
2002	41.909
2003	46.157
2004	43.325
2005	36.529
2006	30.016
2007	25.4
2008	24.239
2009	22.908
2010	22.682
2011	21.011
2012	20.7
2013	19.794
2014	18.604
2015	16.65
2016	15.206
2017	14.357
2018	13.366
2019	12.828
2020	13.054
2021	12.714
2022	13.054
2023	13.422
2024	13.394
2025	12.488
2026	12.233
2027	17.613
2028	31.715
2029	28.317
2030	24.041
2031	29.45
2032	35.113
2033	35.679
2034	50.404
2035	46.723
2036	31.998
2037	22.342
2038	17.698
2039	14.725
2040	13.875
2041	14.158
2042	13.026
2043	12.176
2044	10.76
2045	9.9109
2046	10.194
2047	10.76
2048	9.3446
2049	9.0614
2050	8.7782
2051	8.7782
2052	7.3624
2053	6.343
2054	6.0315
2055	6.5695
2056	6.5978
2057	5.9749
2058	5.5218
2059	5.9749
2060	6.966
2061	5.5218
2062	9.9959
2063	15.093
2064	20.671
2065	19.255
2066	17.556
2067	18.689
2068	19.822
2069	22.654
2070	25.485
2071	31.149
2072	53.802
2073	99.109
2074	141.58
2075	169.9
2076	225.4
2077	265.61
2078	302.99
2079	322.81
2080	311.49
2081	269.86
2082	161.12
2083	60.032
2084	35.962
2085	38.511
2086	34.547
2087	31.998
2088	27.609
2089	23.786
2090	20.813
2091	19.057
2092	26.08
2093	29.45
2094	33.697
2095	46.723
2096	51.82
2097	42.475
2098	50.97
2099	56.634
2100	65.129
2101	97.41
2102	110.72
2103	101.94
2104	85.517
2105	62.297
2106	55.218
2107	57.766
2108	54.652
2109	45.873
2110	39.644
2111	36.812
2112	35.396
2113	33.98
2114	32.564
2115	31.149
2116	29.733
2117	28.317
2118	27.184
2119	25.485
2120	23.786
2121	22.654
2122	21.521
2123	20.671
2124	20.388
2125	20.388
2126	22.087
2127	24.353
2128	21.521
2129	20.955
2130	19.822
2131	20.105
2132	23.22
2133	33.98
2134	56.634
2135	79.287
2136	93.446
2137	99.109
2138	72.774
2139	42.192
2140	35.396
2141	63.996
2142	102.79
2143	124.31
2144	144.7
2145	161.41
2146	176.7
2147	190.57
2148	204.16
2149	216.34
2150	223.42
2151	219.17
2152	164.52
2153	90.897
2154	59.465
2155	52.669
2156	62.297
2157	90.331
2158	124.88
2159	139.89
2160	154.89
2161	167.07
2162	175.56
2163	173.87
2164	129.97
2165	77.588
2166	60.315
2167	58.899
2168	65.695
2169	71.925
2170	69.376
2171	63.43
2172	57.2
2173	52.386
2174	56.634
2175	58.616
2176	56.634
2177	53.519
2178	51.537
2179	48.422
2180	44.741
2181	42.475
2182	39.644
2183	36.812
2184	36.812
2185	42.475
2186	46.723
2187	45.307
2188	42.475
2189	39.644
2190	36.812
2191	35.396
2192	33.98
2193	33.98
2194	39.644
2195	42.475
2196	48.139
2197	53.802
2198	60.881
2199	67.961
2200	79.287
2201	87.782
2202	99.109
2203	107.6
2204	113.27
2205	118.93
2206	124.59
2207	131.39
2208	131.96
2209	118.93
2210	99.959
2211	106.47
2212	123.74
2213	134.79
2214	150.08
2215	161.41
2216	175
2217	182.08
2218	185.19
2219	186.04
2220	182.93
2221	156.59
2222	116.1
2223	93.729
2224	80.986
2225	73.624
2226	67.111
2227	61.165
2228	57.766
2229	56.351
2230	58.333
2231	62.58
2232	78.438
2233	101.09
2234	125.73
2235	139.32
2236	139.6
2237	129.13
2238	113.27
2239	101.09
2240	97.127
2241	97.127
2242	92.313
2243	81.27
2244	72.774
2245	71.075
2246	71.642
2247	72.774
2248	78.438
2249	81.27
2250	85.8
2251	86.367
2252	78.721
2253	70.509
2254	62.58
2255	59.465
2256	70.792
2257	107.04
2258	141.3
2259	159.42
2260	177.83
2261	191.99
2262	201.33
2263	203.03
2264	201.62
2265	191.42
2266	174.43
2267	165.65
2268	162.54
2269	173.02
2270	176.7
2271	183.49
2272	196.24
2273	205.86
2274	209.83
2275	211.53
2276	213.51
2277	216.62
2278	221.72
2279	224.55
2280	231.07
2281	232.76
2282	237.01
2283	237.3
2284	233.05
2285	224.55
2286	208.41
2287	170.47
2288	128.56
2289	95.145
2290	82.119
2291	72.774
2292	68.527
2293	65.978
2294	61.731
2295	61.165
2296	65.412
2297	107.6
2298	133.37
2299	154.04
2300	163.11
2301	163.95
2302	163.95
2303	153.76
2304	94.578
2305	64.846
2306	54.935
2307	47.856
2308	42.192
2309	37.945
2310	75.323
2311	95.428
2312	97.127
2313	90.048
2314	75.606
2315	60.032
2316	49.271
2317	42.475
2318	37.661
2319	33.697
2320	30.299
2321	28.119
2322	26.363
2323	25.004
2324	23.73
2325	22.257
2326	20.728
2327	18.802
2328	18.066
2329	17.443
2330	18.548
2331	22.115
2332	57.483
2333	75.04
2334	64.846
2335	66.545
2336	82.402
2337	89.481
2338	95.428
2339	100.52
2340	101.94
2341	85.517
2342	46.723
2343	31.998
2344	24.777
2345	20.615
2346	20.133
2347	18.604
2348	17.358
2349	16.056
2350	14.413
2351	13.394
2352	14.158
2353	21.634
2354	28.883
2355	23.078
2356	17.075
2357	14.158
2358	12.856
2359	11.95
2360	11.525
2361	12.318
2362	12.035
2363	11.695
2364	11.921
2365	11.185
2366	10.364
2367	9.5711
2368	10.336
2369	17.472
2370	38.511
2371	63.43
2372	81.836
2373	92.03
2374	89.481
2375	49.271
2376	29.733
2377	23.475
2378	18.717
2379	16.849
2380	16.339
2381	14.866
2382	14.385
2383	12.176
2384	11.553
2385	12.091
2386	12.063
2387	12.091
2388	10.959
2389	10.562
2390	11.298
2391	9.9959
2392	8.7216
2393	9.118
2394	10.817
2395	9.5428
2396	10.194
2397	11.129
2398	9.8826
2399	12.658
2400	11.327
2401	10.052
2402	10.421
2403	8.8632
2404	8.3252
2405	7.957
2406	9.2879
2407	8.2402
2408	7.1642
2409	7.4757
2410	6.6828
2411	6.4846
2412	6.0598
2413	6.0881
2414	6.0598
2415	5.5218
2416	5.3802
2417	5.1537
2418	5.097
2419	5.7766
2420	6.1448
2421	5.5501
2422	4.6723
2423	7.7871
2424	9.9675
2425	5.0404
2426	5.805
2427	4.8422
2428	4.4741
2429	4.2759
2430	4.3891
2431	4.2192
2432	4.106
2433	3.8511
2434	3.5396
2435	3.398
2436	3.1432
2437	3.0299
2438	4.0493
2439	6.1731
2440	4.3042
2441	10.364
2442	9.6277
2443	8.4668
2444	9.1747
2445	7.9287
2446	6.6828
2447	5.2953
2448	4.3325
2449	3.8794
2450	3.4263
2451	3.1432
2452	3.2281
2453	3.6246
2454	3.5113
2455	4.3891
2456	7.3907
2457	6.6828
2458	5.2386
2459	4.8139
2460	13.564
2461	8.042
2462	8.8066
2463	8.6933
2464	7.419
2465	9.6277
2466	15.291
2467	17.273
2468	19.397
2469	21.153
2470	18.406
2471	17.33
2472	15.659
2473	16.056
2474	16.48
2475	13.592
2476	11.78
2477	10.137
2478	8.665
2479	7.8438
2480	7.1642
2481	6.8244
2482	6.5695
2483	6.3147
2484	6.3147
2485	6.3996
2486	6.2297
2487	6.1448
2488	6.2297
2489	6.4846
2490	13.79
2491	15.093
2492	15.376
2493	15.178
2494	14.895
2495	14.612
2496	14.895
2497	15.178
2498	17.132
2499	16.934
2500	16.367
2501	19.907
2502	19.397
2503	20.162
2504	19.737
2505	18.123
2506	16.056
2507	14.272
2508	13.111
2509	12.063
2510	11.383
2511	10.93
2512	11.044
2513	10.789
2514	12.063
2515	14.243
2516	19.567
2517	25.259
2518	23.786
2519	22.484
2520	21.266
2521	21.351
2522	23.22
2523	29.45
2524	28.883
2525	26.646
2526	24.862
2527	23.05
2528	21.096
2529	19.425
2530	18.066
2531	16.905
2532	15.971
2533	15.461
2534	14.951
2535	14.612
2536	16.027
2537	18.434
2538	20.162
2539	24.551
2540	25.683
2541	24.777
2542	23.135
2543	21.691
2544	19.992
2545	18.831
2546	18.179
2547	17.556
2548	16.565
2549	17.472
2550	19.057
2551	20.558
2552	22.115
2553	22.342
2554	28.883
2555	42.475
2556	54.652
2557	61.165
2558	58.616
2559	51.537
2560	43.891
2561	37.945
2562	33.131
2563	28.6
2564	26.731
2565	26.25
2566	26.476
2567	26.165
2568	24.834
2569	23.163
2570	19.907
2571	18.802
2572	19.652
2573	20.785
2574	20.558
2575	19.737
2576	18.916
2577	18.293
2578	19.397
2579	21.096
2580	24.466
2581	30.016
2582	30.016
2583	27.722
2584	25.853
2585	24.777
2586	23.56
2587	22.54
2588	21.917
2589	21.181
2590	24.579
2591	29.166
2592	34.83
2593	38.228
2594	35.396
2595	32.281
2596	30.582
2597	29.166
2598	29.45
2599	36.529
2600	47.289
2601	73.624
2602	88.632
2603	92.879
2604	81.27
2605	59.182
2606	46.44
2607	41.343
2608	41.626
2609	73.058
2610	107.04
2611	120.06
2612	124.59
2613	115.25
2614	88.632
2615	60.032
2616	48.988
2617	41.343
2618	37.661
2619	35.396
2620	33.697
2621	34.547
2622	36.812
2623	46.723
2624	53.519
2625	51.537
2626	44.458
2627	37.945
2628	33.98
2629	31.715
2630	29.45
2631	27.779
2632	26.108
2633	24.749
2634	23.503
2635	22.88
2636	22.427
2637	21.577
2638	21.068
2639	21.804
2640	22.399
2641	27.864
2642	44.174
2643	53.519
2644	50.121
2645	40.21
2646	32.848
2647	29.45
2648	29.166
2649	31.432
2650	32.281
2651	33.131
2652	33.131
2653	31.715
2654	28.883
2655	28.317
2656	27.864
2657	28.6
2658	28.6
2659	27.694
2660	27.099
2661	25.712
2662	24.324
2663	22.625
2664	20.643
2665	18.916
2666	17.698
2667	17.217
2668	16.877
2669	16.311
2670	16.169
2671	16.197
2672	16.367
2673	16.254
2674	15.603
2675	14.866
2676	14.017
2677	13.111
2678	12.29
2679	10.845
2680	10.024
2681	9.5994
2682	9.4295
2683	9.3729
2684	9.9109
2685	10.732
2686	10.137
2687	11.553
2688	11.553
2689	10.789
2690	11.27
2691	11.808
2692	18.123
2693	16.112
2694	11.298
2695	9.5145
2696	8.8066
2697	11.865
2698	13.196
2699	13.196
2700	14.895
2701	14.583
2702	12.091
2703	10.251
2704	9.203
2705	9.8543
2706	56.634
2707	76.456
2708	66.828
2709	50.404
2710	31.715
2711	26.958
2712	26.448
2713	29.45
2714	28.6
2715	30.299
2716	42.759
2717	44.458
2718	36.529
2719	27.213
2720	21.068
2721	16.339
2722	12.969
2723	11.242
2724	10.024
2725	9.118
2726	9.8543
2727	13.649
2728	22.2
2729	24.466
2730	23.107
2731	16.877
2732	13.281
2733	12.374
2734	10.307
2735	8.4384
2736	7.0509
2737	6.1448
2738	5.6634
2739	5.3519
2740	5.2103
2741	6.8527
2742	15.178
2743	18.831
2744	34.263
2745	66.545
2746	80.703
2747	88.349
2748	78.438
2749	39.927
2750	21.068
2751	13.875
2752	11.1
2753	9.3163
2754	7.3907
2755	6.3713
2756	6.6545
2757	6.1448
2758	5.9749
2759	5.4652
2760	5.2953
2761	7.2491
2762	9.0897
2763	7.6739
2764	6.5129
2765	5.3236
2766	5.805
2767	13.564
2768	11.638
2769	8.0703
2770	8.7499
2771	8.6933
2772	6.4846
2773	5.2386
2774	4.2759
2775	4.4741
2776	5.182
2777	5.182
2778	9.0614
2779	10.534
2780	14.81
2781	109.59
2782	120.91
2783	141.58
2784	150.08
2785	116.1
2786	65.129
2787	35.962
2788	36.529
2789	70.509
2790	86.083
2791	139.32
2792	174.72
2793	193.69
2794	201.62
2795	167.64
2796	102.51
2797	57.766
2798	39.644
2799	30.582
2800	25.797
2801	23.192
2802	24.664
2803	28.232
2804	25.655
2805	21.068
2806	17.84
2807	16.226
2808	19.114
2809	22.342
2810	54.085
2811	74.757
2812	86.367
2813	75.606
2814	35.679
2815	23.107
2816	19.312
2817	20.105
2818	18.208
2819	16.027
2820	13.875
2821	11.582
2822	10.817
2823	10.137
2824	9.3729
2825	9.0614
2826	8.4951
2827	7.9287
2828	7.3624
2829	6.7961
2830	6.2297
2831	5.9465
2832	5.805
2833	5.5784
2834	5.4368
2835	5.3236
2836	5.097
2837	5.0687
2838	5.0121
2839	5.0121
2840	5.0404
2841	4.9838
2842	4.9555
2843	4.9271
2844	4.8988
2845	4.8705
2846	4.8422
2847	4.8139
2848	4.8139
2849	4.7856
2850	4.7006
2851	4.7856
2852	4.7289
2853	4.4741
2854	4.3325
2855	5.182
2856	5.5501
2857	7.2491
2858	16.226
2859	31.715
2860	59.182
2861	74.19
2862	62.864
2863	34.547
2864	23.588
2865	18.831
2866	17.217
2867	16.594
2868	15.857
2869	16.82
2870	16.849
2871	15.773
2872	13.96
2873	10.704
2874	9.4862
2875	9.118
2876	8.8066
2877	8.6083
2878	8.9481
2879	9.0897
2880	9.1464
2881	9.5711
2882	10.93
2883	11.157
2884	10.789
2885	10.336
2886	10.081
2887	10.477
2888	12.12
2889	12.601
2890	11.808
2891	11.638
2892	11.44
2893	12.403
2894	13.111
2895	14.102
2896	16.537
2897	15.971
2898	14.753
2899	13.592
2900	12.601
2901	11.836
2902	11.27
2903	10.619
2904	10.307
2905	11.044
2906	16.226
2907	21.436
2908	41.626
2909	71.925
2910	84.668
2911	76.739
2912	56.634
2913	42.475
2914	37.095
2915	35.962
2916	41.909
2917	43.891
2918	68.81
2919	88.632
2920	102.51
2921	107.04
2922	87.499
2923	71.642
2924	88.632
2925	120.06
2926	143
2927	160.56
2928	181.23
2929	208.13
2930	238.99
2931	265.61
2932	279.49
2933	275.52
2934	257.97
2935	215.21
2936	154.04
2937	95.994
2938	73.624
2939	66.545
2940	67.961
2941	73.624
2942	82.402
2943	96.561
2944	111
2945	122.9
2946	144.42
2947	158.29
2948	172.17
2949	186.04
2950	195.39
2951	196.8
2952	190.01
2953	177.55
2954	161.41
2955	126.29
2956	113.27
2957	114.12
2958	131.39
2959	165.37
2960	181.79
2961	199.07
2962	214.93
2963	226.54
2964	229.65
2965	221.44
2966	207.28
2967	186.89
2968	172.17
2969	165.65
2970	165.65
2971	167.92
2972	171.6
2973	177.83
2974	182.36
2975	182.64
2976	177.83
2977	167.35
2978	151.21
2979	123.74
2980	109.59
2981	104.49
2982	118.36
2983	139.32
2984	152.91
2985	160.56
2986	162.54
2987	161.12
2988	162.54
2989	169.05
2990	181.23
2991	200.2
2992	223.7
2993	241.83
2994	247.21
2995	240.13
2996	223.99
2997	203.6
2998	181.51
2999	164.52
3000	149.23
3001	129.13
3002	112.42
3003	106.75
3004	115.53
3005	122.33
3006	123.18
3007	119.5
3008	111.85
3009	95.145
3010	79.004
3011	69.943
3012	64.563
3013	62.297
3014	63.147
3015	57.766
3016	50.97
3017	47.572
3018	44.458
3019	41.626
3020	39.644
3021	39.644
3022	41.06
3023	51.254
3024	56.351
3025	53.519
3026	48.422
3027	43.325
3028	39.077
3029	35.962
3030	36.529
3031	40.21
3032	49.271
3033	51.254
3034	50.97
3035	54.368
3036	50.97
3037	45.307
3038	42.475
3039	47.006
3040	84.101
3041	133.66
3042	152.34
3043	163.39
3044	156.03
3045	103.92
3046	69.943
3047	56.917
3048	48.705
3049	42.759
3050	37.661
3051	32.564
3052	29.166
3053	26.646
3054	24.607
3055	22.71
3056	20.643
3057	18.491
3058	16.565
3059	14.951
3060	14.98
3061	18.972
3062	22.427
3063	19.709
3064	18.123
3065	17.783
3066	17.387
3067	18.661
3068	35.113
3069	53.802
3070	72.491
3071	81.27
3072	90.897
3073	92.313
3074	80.986
3075	62.864
3076	58.616
3077	70.792
3078	107.04
3079	120.91
3080	145.55
3081	167.35
3082	187.46
3083	206.15
3084	219.46
3085	221.72
3086	214.08
3087	201.62
3088	192.27
3089	194.25
3090	204.73
3091	211.53
3092	218.89
3093	221.72
3094	216.91
3095	205.86
3096	190.86
3097	174.72
3098	147.53
3099	97.976
3100	60.315
3101	46.44
3102	41.06
3103	44.458
3104	53.236
3105	58.616
3106	59.182
3107	52.669
3108	47.006
3109	46.157
3110	53.236
3111	54.935
3112	48.988
3113	43.891
3114	35.396
3115	32.564
3116	31.432
3117	34.83
3118	72.208
3119	101.94
3120	115.25
3121	85.8
3122	59.182
3123	41.909
3124	35.113
3125	32.848
3126	28.317
3127	28.317
3128	37.661
3129	32.848
3130	24.777
3131	26.646
3132	26.505
3133	27.779
3134	40.21
3135	86.367
3136	116.95
3137	111.85
3138	103.64
3139	69.093
3140	51.254
3141	39.644
3142	31.715
3143	27.326
3144	27.864
3145	28.883
3146	143
3147	111.85
3148	111.85
3149	114.12
3150	110.15
3151	108.17
3152	107.89
3153	102.79
3154	59.465
3155	50.121
3156	47.006
3157	32.281
3158	25.712
3159	24.607
3160	25.627
3161	22.937
3162	19.425
3163	16.877
3164	16.027
3165	15.093
3166	14.357
3167	13.592
3168	14.357
3169	15.234
3170	14.923
3171	13.847
3172	12.629
3173	11.695
3174	11.213
3175	10.902
3176	10.874
3177	10.732
3178	10.279
3179	9.203
3180	8.665
3181	9.0331
3182	8.6083
3183	8.2402
3184	8.127
3185	10.307
3186	13.79
3187	10.874
3188	11.129
3189	12.941
3190	11.808
3191	13.592
3192	14.895
3193	16.792
3194	20.643
3195	17.556
3196	13.875
3197	12.12
3198	10.874
3199	9.8826
3200	9.1747
3201	8.6367
3202	8.4101
3203	8.2119
3204	8.042
3205	8.0703
3206	8.6367
3207	8.8915
3208	10.307
3209	10.222
3210	9.9959
3211	11.582
3212	13.649
3213	10.874
3214	9.3729
3215	8.665
3216	8.0986
3217	8.1836
3218	7.9004
3219	8.4668
3220	13.054
3221	17.018
3222	54.652
3223	73.907
3224	81.27
3225	85.517
3226	69.943
3227	37.095
3228	24.069
3229	21.294
3230	25.825
3231	22.625
3232	19.397
3233	21.266
3234	32.281
3235	31.149
3236	23.022
3237	19.425
3238	18.633
3239	21.464
3240	21.153
3241	27.524
3242	30.865
3243	41.626
3244	35.396
3245	26.986
3246	24.437
3247	28.883
3248	29.45
3249	28.6
3250	27.637
3251	24.494
3252	30.016
3253	28.6
3254	26.618
3255	26.618
3256	27.666
3257	31.998
3258	31.715
3259	27.751
3260	25.485
3261	25.768
3262	35.113
3263	41.909
3264	61.448
3265	57.2
3266	43.325
3267	38.794
3268	60.881
3269	85.8
3270	108.74
3271	122.61
3272	130.54
3273	136.49
3274	141.3
3275	142.72
3276	139.6
3277	134.51
3278	130.26
3279	126.58
3280	98.543
3281	64.846
3282	53.519
3283	48.988
3284	47.289
3285	46.44
3286	48.422
3287	58.333
3288	65.978
3289	77.305
3290	93.163
3291	103.36
3292	113.83
3293	125.16
3294	134.51
3295	142.15
3296	143.85
3297	122.61
3298	93.163
3299	79.57
3300	79.287
3301	79.004
3302	71.359
3303	54.935
3304	47.289
3305	43.325
3306	40.493
3307	37.945
3308	35.679
3309	36.812
3310	43.042
3311	58.05
3312	69.66
3313	75.323
3314	93.729
3315	91.747
3316	77.871
3317	73.624
3318	67.111
3319	60.315
3320	56.067
3321	64.563
3322	101.37
3323	116.95
3324	130.54
3325	146.96
3326	157.73
3327	167.92
3328	176.13
3329	189.72
3330	196.52
3331	205.58
3332	233.05
3333	282.32
3334	291.66
3335	308.65
3336	325.64
3337	331.31
3338	322.81
3339	302.99
3340	281.47
3341	254
3342	201.9
3343	166.22
3344	159.71
3345	159.71
3346	162.82
3347	173.87
3348	184.63
3349	190.01
3350	195.67
3351	200.77
3352	200.77
3353	205.86
3354	197.94
3355	190.29
3356	185.48
3357	182.64
3358	180.66
3359	176.98
3360	171.6
3361	164.24
3362	156.59
3363	145.83
3364	163.67
3365	217.47
3366	244.37
3367	286
3368	331.31
3369	370.95
3370	385.11
3371	379.45
3372	353.96
3373	334.14
3374	317.15
3375	308.65
3376	305.82
3377	305.82
3378	305.82
3379	297.33
3380	286
3381	278.07
3382	268.73
3383	257.68
3384	244.09
3385	228.23
3386	220.87
3387	224.55
3388	234.18
3389	236.16
3390	227.95
3391	211.53
3392	186.61
3393	174.15
3394	161.12
3395	156.31
3396	161.12
3397	165.94
3398	167.64
3399	165.94
3400	163.95
3401	167.92
3402	173.3
3403	176.41
3404	175.28
3405	168.2
3406	159.71
3407	152.63
3408	144.98
3409	128.56
3410	100.81
3411	92.879
3412	89.765
3413	91.18
3414	90.897
3415	90.897
3416	68.527
3417	56.917
3418	51.82
3419	48.139
3420	40.21
3421	33.697
3422	39.644
3423	40.21
3424	43.042
3425	46.157
3426	49.555
3427	50.687
3428	53.236
3429	101.94
3430	128.56
3431	166.22
3432	204.73
3433	226.82
3434	240.13
3435	234.46
3436	215.77
3437	189.16
3438	162.82
3439	145.27
3440	134.79
3441	126.86
3442	123.74
3443	124.88
3444	118.93
3445	91.464
3446	91.464
3447	94.295
3448	110.72
3449	114.97
3450	86.367
3451	59.182
3452	44.741
3453	34.83
3454	30.016
3455	26.929
3456	24.466
3457	22.852
3458	20.332
3459	20.955
3460	29.45
3461	39.36
3462	39.36
3463	33.98
3464	27.779
3465	23.135
3466	20.19
3467	18.038
3468	17.925
3469	31.149
3470	51.82
3471	58.899
3472	46.723
3473	31.432
3474	26.25
3475	28.317
3476	33.98
3477	31.998
3478	26.561
3479	20.926
3480	16.792
3481	14.527
3482	13.167
3483	11.978
3484	11.412
3485	10.902
3486	10.449
3487	9.9959
3488	11.044
3489	10.562
3490	10.052
3491	9.9675
3492	10.76
3493	13.507
3494	14.385
3495	13.592
3496	12.374
3497	10.76
3498	9.6844
3499	9.0331
3500	8.2969
3501	7.7588
3502	7.6739
3503	7.8438
3504	12.063
3505	13.479
3506	10.166
3507	9.203
3508	9.0331
3509	8.2969
3510	9.0331
3511	7.6739
3512	6.7111
3513	6.3713
3514	7.7588
3515	6.7961
3516	6.0315
3517	5.9182
3518	5.8616
3519	5.8333
3520	5.5501
3521	5.3802
3522	5.2386
3523	5.6917
3524	5.097
3525	6.5695
3526	9.4295
3527	6.9943
3528	8.0137
3529	6.1448
3530	5.7766
3531	6.5695
3532	7.3624
3533	7.6172
3534	6.9943
3535	6.2864
3536	5.9749
3537	5.4085
3538	5.0687
3539	4.7856
3540	4.5873
3541	4.6157
3542	4.6723
3543	5.2386
3544	6.258
3545	6.0315
3546	11.808
3547	14.328
3548	9.203
3549	6.8527
3550	6.6262
3551	8.0703
3552	18.859
3553	11.752
3554	13.366
3555	13.479
3556	11.27
3557	9.6277
3558	8.1836
3559	7.4757
3560	7.2491
3561	7.0226
3562	6.7961
3563	6.3996
3564	6.2297
3565	6.0032
3566	5.7766
3567	5.9465
3568	6.3996
3569	6.6545
3570	6.258
3571	5.805
3572	5.8899
3573	6.3147
3574	6.3713
3575	6.6545
3576	7.2774
3577	8.1836
3578	6.5978
3579	5.805
3580	5.4935
3581	5.5501
3582	5.6917
3583	6.6545
3584	9.2879
3585	13.139
3586	30.865
3587	23.192
3588	16.905
3589	12.941
3590	10.845
3591	9.5711
3592	8.8349
3593	8.2685
3594	8.1553
3595	8.4384
3596	7.8721
3597	7.6739
3598	7.8155
3599	7.9287
3600	7.957
3601	10.279
3602	8.8349
3603	8.8915
3604	9.9675
3605	9.8543
3606	9.1464
3607	9.7976
3608	9.7127
3609	19.255
3610	20.955
3611	17.415
3612	15.036
3613	13.422
3614	14.838
3615	16.226
3616	20.303
3617	20.218
3618	34.263
3619	36.246
3620	28.09
3621	22.993
3622	20.162
3623	18.01
3624	21.917
3625	25.4
3626	29.45
3627	59.749
3628	83.535
3629	112.7
3630	125.73
3631	137.9
3632	142.72
3633	140.45
3634	113.83
3635	110.15
3636	118.93
3637	127.43
3638	133.09
3639	136.77
3640	140.17
3641	141.3
3642	136.77
3643	112.98
3644	84.384
3645	84.951
3646	93.163
3647	97.127
3648	94.012
3649	85.8
3650	80.703
3651	94.012
3652	105.62
3653	106.75
3654	103.92
3655	97.41
3656	90.331
3657	86.083
3658	83.818
3659	82.119
3660	77.588
3661	69.943
3662	66.828
3663	79.287
3664	108.17
3665	122.9
3666	140.73
3667	159.99
3668	181.51
3669	199.92
3670	212.38
3671	220.31
3672	219.74
3673	218.04
3674	216.91
3675	218.61
3676	221.15
3677	220.87
3678	214.36
3679	203.88
3680	192.55
3681	180.38
3682	163.95
3683	130.54
3684	101.37
3685	87.499
3686	79.854
3687	75.889
3688	73.058
3689	77.022
3690	79.287
3691	82.119
3692	95.145
3693	102.79
3694	103.64
3695	101.09
3696	86.367
3697	84.384
3698	117.8
3699	139.6
3700	164.24
3701	188.87
3702	206.71
3703	212.09
3704	203.88
3705	189.44
3706	186.04
3707	195.95
3708	204.45
3709	211.81
3710	220.59
3711	234.75
3712	241.54
3713	244.66
3714	248.06
3715	249.47
3716	244.37
3717	233.9
3718	225.4
3719	223.42
3720	225.97
3721	230.5
3722	233.05
3723	230.5
3724	223.7
3725	219.46
3726	221.44
3727	224.84
3728	230.78
3729	235.31
3730	234.75
3731	231.63
3732	225.97
3733	226.82
3734	227.95
3735	227.67
3736	229.37
3737	235.03
3738	242.11
3739	243.53
3740	246.07
3741	251.17
3742	244.37
3743	237.86
3744	240.69
3745	252.59
3746	267.31
3747	278.07
3748	281.47
3749	269.29
3750	254
3751	235.88
3752	214.36
3753	200.2
3754	196.24
3755	199.07
3756	205.86
3757	211.53
3758	216.34
3759	222
3760	220.59
3761	216.34
3762	218.04
3763	225.4
3764	225.12
3765	213.79
3766	195.39
3767	169.9
3768	156.59
3769	161.41
3770	172.73
3771	177.55
3772	169.05
3773	147.53
3774	131.67
3775	122.33
3776	121.2
3777	115.25
3778	102.51
3779	87.216
3780	76.456
3781	74.19
3782	92.03
3783	109.87
3784	121.2
3785	123.74
3786	118.93
3787	84.101
3788	60.032
3789	49.555
3790	44.458
3791	40.21
3792	35.113
3793	30.582
3794	27.694
3795	25.174
3796	21.861
3797	26.59
3798	22.993
3799	23.899
3800	22.767
3801	21.662
3802	30.582
3803	79.004
3804	122.05
3805	167.92
3806	220.02
3807	244.94
3808	264.76
3809	268.73
3810	255.7
3811	208.41
3812	167.07
3813	122.61
3814	69.66
3815	43.042
3816	34.83
3817	31.149
3818	25.91
3819	22.455
3820	20.671
3821	19.765
3822	20.36
3823	21.294
3824	21.634
3825	20.983
3826	22.455
3827	24.919
3828	21.776
3829	19.199
3830	19.312
3831	17.981
3832	17.528
3833	18.972
3834	21.974
3835	40.493
3836	52.669
3837	65.412
3838	58.333
3839	47.006
3840	33.697
3841	27.043
3842	32.564
3843	36.529
3844	30.299
3845	24.919
3846	20.898
3847	25.967
3848	30.299
3849	54.652
3850	68.244
3851	106.75
3852	135.64
3853	154.04
3854	170.47
3855	190.01
3856	219.46
3857	243.81
3858	243.81
3859	222.85
3860	175.28
3861	136.2
3862	127.99
3863	131.96
3864	143.57
3865	145.83
3866	153.76
3867	159.99
3868	158.86
3869	151.5
3870	135.64
3871	119.5
3872	109.3
3873	100.24
3874	92.596
3875	58.616
3876	44.458
3877	55.784
3878	59.465
3879	64.846
3880	67.677
3881	79.004
3882	84.101
3883	81.836
3884	54.368
3885	39.644
3886	34.547
3887	31.432
3888	25.542
3889	26.136
3890	34.547
3891	42.192
3892	35.679
3893	30.016
3894	25.089
3895	23.588
3896	24.296
3897	24.607
3898	24.834
3899	23.446
3900	21.662
3901	21.238
3902	20.473
3903	18.802
3904	19.057
3905	20.615
3906	19.595
3907	17.641
3908	20.841
3909	36.246
3910	163.11
3911	219.74
3912	246.07
3913	270.14
3914	265.33
3915	184.91
3916	105.91
3917	64.279
3918	48.705
3919	39.077
3920	33.697
3921	30.299
3922	28.6
3923	27.184
3924	25.627
3925	26.816
3926	28.119
3927	30.865
3928	38.511
3929	52.103
3930	48.422
3931	40.493
3932	34.263
3933	28.883
3934	26.165
3935	24.834
3936	24.324
3937	23.73
3938	22.257
3939	20.416
3940	18.774
3941	17.981
3942	17.443
3943	17.047
3944	16.764
3945	16.764
3946	17.868
3947	18.802
3948	18.802
3949	18.604
3950	19.397
3951	20.785
3952	20.615
3953	20.133
3954	19.709
3955	19.454
3956	19.454
3957	20.643
3958	21.209
3959	20.388
3960	19.397
3961	18.378
3962	19.029
3963	18.321
3964	18.576
3965	18.746
3966	18.151
3967	17.443
3968	16.877
3969	16.395
3970	16.679
3971	17.698
3972	16.622
3973	16.056
3974	15.546
3975	15.404
3976	15.461
3977	15.093
3978	15.433
3979	15.716
3980	15.914
3981	15.857
3982	15.801
3983	15.574
3984	15.886
3985	16.877
3986	19.454
3987	22.2
3988	28.317
3989	27.722
3990	25.712
3991	25.967
3992	42.192
3993	43.608
3994	44.458
3995	55.218
3996	48.705
3997	39.36
3998	34.263
3999	31.149
4000	28.317
4001	25.117
4002	23.56
4003	22.54
4004	21.804
4005	21.379
4006	20.785
4007	20.19
4008	20.02
4009	19.737
4010	19.482
4011	19.227
4012	19.284
4013	18.519
4014	18.066
4015	17.358
4016	16.877
4017	16.367
4018	16.594
4019	16.424
4020	15.857
4021	18.208
4022	43.608
4023	97.41
4024	129.13
4025	141.3
4026	137.34
4027	115.82
4028	101.94
4029	101.94
4030	103.07
4031	95.711
4032	77.871
4033	59.182
4034	50.404
4035	43.325
4036	41.909
4037	44.458
4038	47.289
4039	47.006
4040	42.192
4041	37.378
4042	36.246
4043	35.962
4044	35.962
4045	35.962
4046	34.83
4047	35.679
4048	36.812
4049	40.776
4050	50.97
4051	99.392
4052	128.84
4053	149.51
4054	167.07
4055	194.82
4056	213.23
4057	221.15
4058	220.59
4059	210.39
4060	190.86
4061	186.89
4062	195.39
4063	209.55
4064	227.38
4065	240.69
4066	245.22
4067	240.69
4068	229.08
4069	216.06
4070	204.16
4071	193.69
4072	184.06
4073	174.15
4074	164.52
4075	137.34
4076	99.109
4077	105.06
4078	114.68
4079	120.91
4080	126.86
4081	113.55
4082	77.305
4083	62.297
4084	51.82
4085	45.59
4086	46.157
4087	48.422
4088	53.236
4089	50.97
4090	40.493
4091	37.378
4092	36.529
4093	37.661
4094	38.794
4095	37.661
4096	37.378
4097	35.962
4098	31.715
4099	31.715
4100	38.794
4101	57.483
4102	65.129
4103	59.749
4104	57.766
4105	59.182
4106	56.634
4107	52.669
4108	48.705
4109	45.873
4110	43.608
4111	39.927
4112	33.697
4113	30.299
4114	25.74
4115	23.163
4116	23.276
4117	23.843
4118	22.993
4119	20.898
4120	19.255
4121	19.001
4122	19.794
4123	21.153
4124	25.853
4125	31.715
4126	37.378
4127	43.608
4128	37.945
4129	30.582
4130	26.136
4131	24.098
4132	21.776
4133	19.086
4134	16.282
4135	14.81
4136	15.008
4137	15.801
4138	15.659
4139	15.319
4140	14.98
4141	15.15
4142	15.15
4143	16.792
4144	19.737
4145	17.047
4146	15.319
4147	14.64
4148	14.017
4149	13.564
4150	13.932
4151	14.328
4152	14.895
4153	20.02
4154	17.16
4155	14.498
4156	16.084
4157	16.962
4158	16.112
4159	14.951
4160	13.734
4161	13.337
4162	14.442
4163	16.65
4164	16.169
4165	13.337
4166	12.629
4167	12.856
4168	12.318
4169	11.95
4170	11.44
4171	12.544
4172	15.065
4173	15.065
4174	14.696
4175	14.81
4176	14.923
4177	16.877
4178	16.169
4179	15.574
4180	15.036
4181	14.527
4182	13.989
4183	13.677
4184	15.942
4185	15.376
4186	14.215
4187	15.348
4188	17.953
4189	20.643
4190	22.937
4191	20.756
4192	17.217
4193	15.631
4194	14.527
4195	13.847
4196	13.394
4197	14.017
4198	14.3
4199	15.008
4200	17.302
4201	24.409
4202	28.883
4203	26.25
4204	20.105
4205	17.726
4206	18.151
4207	15.744
4208	13.337
4209	12.403
4210	14.612
4211	12.403
4212	14.328
4213	15.886
4214	13.875
4215	12.063
4216	15.319
4217	13.507
4218	13.705
4219	12.374
4220	11.072
4221	10.874
4222	10.562
4223	11.213
4224	13.79
4225	15.971
4226	35.962
4227	50.121
4228	52.103
4229	54.368
4230	60.598
4231	54.652
4232	41.626
4233	39.36
4234	45.307
4235	35.679
4236	26.675
4237	21.747
4238	19.482
4239	19.171
4240	23.758
4241	18.604
4242	18.179
4243	16.226
4244	14.47
4245	13.592
4246	13.847
4247	16.141
4248	15.15
4249	23.503
4250	27.269
4251	30.299
4252	23.163
4253	18.123
4254	19.312
4255	17.67
4256	16.679
4257	16.565
4258	23.843
4259	24.126
4260	20.926
4261	18.378
4262	18.406
4263	15.036
4264	10.817
4265	9.2596
4266	8.3535
4267	7.7022
4268	6.6262
4269	6.5695
4270	6.966
4271	6.5129
4272	6.2864
4273	6.0881
4274	5.8333
4275	5.5784
4276	5.0687
4277	5.0121
4278	4.7856
4279	4.6723
4280	4.6723
4281	5.0121
4282	4.8422
4283	5.4652
4284	5.7483
4285	5.0687
4286	5.2669
4287	5.8333
4288	9.8543
4289	6.1448
4290	6.0032
4291	5.8616
4292	5.2669
4293	4.9271
4294	4.8139
4295	11.723
4296	14.98
4297	19.312
4298	18.349
4299	16.764
4300	14.64
4301	12.261
4302	10.732
4303	10.675
4304	11.327
4305	11.185
4306	11.044
4307	11.298
4308	11.497
4309	11.61
4310	11.893
4311	10.307
4312	11.497
4313	13.705
4314	14.357
4315	16.367
4316	16.452
4317	15.036
4318	13.705
4319	12.913
4320	11.978
4321	11.667
4322	11.497
4323	11.185
4324	11.695
4325	12.233
4326	15.914
4327	19.114
4328	25.004
4329	30.299
4330	24.919
4331	33.414
4332	35.679
4333	24.494
4334	17.585
4335	17.217
4336	15.348
4337	14.583
4338	14.64
4339	14.442
4340	14.215
4341	13.734
4342	13.79
4343	14.357
4344	17.018
4345	60.315
4346	78.155
4347	84.384
4348	90.331
4349	95.145
4350	97.127
4351	97.976
4352	111
4353	126.58
4354	135.35
4355	141.3
4356	146.68
4357	149.8
4358	146.12
4359	139.6
4360	136.49
4361	135.92
4362	136.49
4363	137.34
4364	137.9
4365	141.02
4366	143
4367	135.07
4368	105.91
4369	83.252
4370	72.491
4371	62.864
4372	58.05
4373	51.254
4374	41.626
4375	35.113
4376	32.281
4377	31.149
4378	29.733
4379	26.646
4380	24.437
4381	23.361
4382	22.682
4383	21.917
