            1   6.3840643E-02
            2   0.6487443    
            3   0.8405990    
            4   0.6262608    
            5   0.6708264    
            6   0.5891806    
            7   0.2046281    
            8  -0.2735460    
            9  -0.3447470    
           10  -2.4512537E-02
           11   0.2674937    
           12   0.3882411    
           13  -1.5383541E-02
           14  -0.2101065    
           15   0.5846426    
           16    1.401724    
           17    1.469056    
           18    1.098095    
           19   0.5866422    
           20   0.1409308    
           21  -0.2912652    
           23  -0.4138750    
           24  -0.1518864    
           25   9.1252215E-02
           26   0.1357595    
           27   0.4015768    
           28   0.6484367    
           29   0.6184379    
           30   0.5837479    
           31   0.6762743    
           32   0.6477130    
           33   0.7803390    
           34    1.166112    
           35    1.255895    
           36    1.267040    
           37    1.354311    
           38    1.748708    
           39    1.818181    
           40    1.602523    
           41    1.125720    
           42   0.8095767    
           43   0.8441959    
           44   0.8277190    
           45   0.7253657    
           46   0.5677319    
           47   0.5396410    
           48   0.5267780    
           49   0.1547559    
           50  -0.1639346    
           51  -0.4406653    
           52  -0.5099492    
           53  -0.6141787    
           54  -0.9458652    
           55   -1.359914   
           57   -1.333620    
           58   -1.277070    
           59   -1.138075    
           60   -1.092907    
           61   -1.244053    
           62   -1.382569    
           63   -1.339694    
           64   -1.138404    
           65   -1.001061    
           66  -0.9410070    
           67  -0.6698091    
           68  -0.2705441    
           69  -4.0409893E-02
           70   5.2923322E-02
           71   0.2606838    
           72   0.4606689    
           73   0.8410703    
           74   0.8938028    
           77   0.6164664    
           78   0.1058825    
           79  -0.6181322    
           80   -1.255723    
           81   -1.279951    
           82   -1.154906    
           83   -1.368880    
           84   -1.403159    
           85   -1.348897    
           86   -1.568185    
           87   -1.217292    
           91  -0.4245062    
           92  -0.3920253    
