            1  -0.5786776    
            2  -0.5319669    
            3  -7.9200782E-02
            5  -1.9870138E-02
            6   0.2703838    
            7   0.1329069    
            8   8.7554857E-02
            9   5.9763066E-02
           10  -0.1878733    
           11  -0.4294800    
           12  -0.2998196    
           13  -0.5536615    
           14  -0.9616692    
           15  -0.1677141    
           16   0.9753617    
           17    1.368089    
           21   0.3614549    
           22   0.2320791    
           23   0.2747247    
           24   0.2950329    
           25   7.8658186E-02
           26  -0.1109626    
           27  -0.2371244    
           28  -0.3602093    
           29  -0.3392141    
           30  -0.2575707    
           31   0.4408499    
           32   0.9009897    
           33    1.273602    
           34    1.437804    
           35    1.111717    
           36    1.102650    
           37    1.389640    
           38    1.883770    
           39    2.081277    
           40    2.017980    
           41    1.444204    
           42   0.9548006    
           43   0.8808207    
           44   0.8225021    
           45   0.9078692    
           46    1.141447    
           47   0.9931573    
           48    1.204388    
           49    1.166816    
           50   0.8097648    
           51   0.2189368    
           52  -1.7666042E-02
           53   2.9236736E-02
           54  -4.6369594E-02
           55  -0.8272655    
           56   -1.690273    
           57   -1.946186    
           58   -1.687133    
           59   -1.448675    
           60   -1.402175    
           61   -1.351966    
           62   -1.294939    
           63   -1.195843    
           64  -0.9549149    
           65  -0.5390778    
           66  -0.5680781    
           67   -1.159703    
           68   -1.024437    
           69  -0.7226881    
           70  -0.6135365    
           74   0.4684642    
           75   0.1892301    
           76   0.1176365    
           77  -0.1562956    
           78  -0.7360535    
           79   -1.444274    
           80   -1.631344    
           81   -1.317766    
           82  -0.8719923    
           83  -0.4970751    
           84  -7.2763614E-02
           85  -0.1650133    
           86  -0.5756345    
           87  -0.6669426    
           88  -0.5337460    
           90  -0.1359473    
           91  -6.2795736E-02
           92   0.3586015    
