            1   0.7431387       0.6648005       8.6608887E-02   0.1285507    
            2   0.8839023        1.374189       0.1777344       0.1347802    
            3   0.8577477        1.763251       0.3641052       0.1146687    
            4   0.9735622       0.4547669       0.5598145       0.1466221    
            5    1.103298       0.7058758       0.4158325       6.6546880E-02
            6   0.9363946       0.3721648       0.4804688       3.1786863E-02
            7   0.3881807       0.8430569       0.1111145       7.9814568E-02
            8  -0.2597748       0.8369157       0.1835327       4.0701021E-02
            9  -0.7481692       0.3866695       0.2156067      -6.4190261E-02
           10  -0.8670175        1.359811       9.1857910E-03  -6.5777868E-02
           11   -1.150366        1.210417       0.2075806      -0.3466124    
           12   -1.418997        1.088537       6.6284180E-02  -0.4542779    
           13   -1.464071       0.9507420       8.8165283E-02  -0.3912470    
           14   -1.492896        1.281354       2.8778076E-02  -0.4565284    
           15   -1.457025       0.6090602      -0.1818848      -0.4378410    
           16   -1.420080       0.9154418       0.1746826      -0.3526492    
           17   -1.318406       0.4225838       4.2663574E-02  -0.3295124    
           18   -1.147507       0.6548589       1.3122559E-02  -0.3187607    
           19  -0.5125484       -1.714957      -0.1845703      -0.3688777    
           20   0.4087578       -1.113747      -3.9245605E-02  -0.2598977    
           21   0.8833635       0.1012688       0.1054077      -0.1658823    
           22   0.8579236       0.2440026       0.1607666      -1.0913503E-02
           23   0.8087711       0.8866381      -8.5571289E-02   0.2432062    
           24   0.7606469        1.681265       0.3722229       0.4033632    
           25   0.8427647       0.1910881       4.4769287E-02   0.3211755    
           26   0.9000614       0.2944064       0.3407593       0.2460307    
           27   0.9304809      -0.4039810       0.5756531       0.3188483    
           28    1.006220       0.5610055       0.2130127       0.3324959    
           29    1.048589       0.6557508       7.0159912E-02   0.3535256    
           30    1.065592       0.7287197      -2.5390625E-02   0.3728668    
           31   0.5561473       0.3247395       9.4268799E-02   0.2513125    
           32  -0.4808215      -0.1405805       7.4340820E-02   0.1477866    
           33  -0.8318269       0.9150235       1.0803223E-02   6.9023825E-02
           34   -1.090962       0.1528690      -2.3925781E-02  -1.6024735E-02
           35   -1.270762      -0.9920312      -4.8645020E-02  -9.7749405E-02
           36   -1.444409      -0.8065836      -0.1873779      -9.7284548E-02
           37   -1.641323       -1.035120      -0.2553101      -0.1420074    
           38   -1.678484       -2.298004      -0.2649231      -0.1873487    
           39   -1.701977       0.3316715      -0.3364563      -0.1927079    
           40   -1.525963      -0.6656615      -0.4838867      -0.2569039    
           41   -1.346788       -1.563109      -0.5960083      -0.3266943    
           42   -1.041731      -0.7869086      -0.5839539      -0.2654796    
           43  -0.1390021       -1.718600      -0.5595703      -0.2477809    
           44   0.5486092       -1.009300      -0.3653259      -0.1044336    
           45   0.8607866      -0.9745027      -0.3818359       3.8211994E-02
           46   0.6876504       0.4351350      -0.3391113       0.2544933    
           47   0.4990521      -0.5319236      -0.2015686       0.1633679    
           48   0.3638502       -1.445371      -0.1114502      -8.7390766E-02
           49   0.4790856       -1.199095      -3.1158447E-02   4.5598928E-02
           50   0.8497344      -0.5757275      -0.1644897      -3.3964153E-02
           51    1.097900       -1.556146      -0.3675232      -0.1315365    
           52   0.9712111       9.2860870E-02  -0.2162476      -4.2483509E-02
           53    1.036629       0.6407354      -0.1784973       0.1183731    
           54    1.247165       0.1561557       1.8859863E-02   0.1052475    
           55    1.260461       0.7604944      -0.1440125       0.1212690    
           56    1.111971       0.7117245      -0.1139832       0.1211338    
           57   0.9470868        1.029949       0.2384033       0.1512058    
           58   0.8605105        1.599258       0.2572327       0.1306366    
           59   0.7675804        1.777330       0.3105164       0.1386496    
           60   0.7179208        1.922529       0.1195984      -6.7496493E-02
           61   0.5164156        1.558193       0.2707214       4.1935622E-04
           62   0.4385877        1.177219       0.2275085       3.2018799E-02
           63   0.4047801        1.074628       0.5720520       0.1323273    
           64   0.2711553       0.8101061       0.7153931       0.2396667    
           65  -0.1594805       0.7775480       0.7439880       0.2575703    
           66   -1.139793       0.7298316       0.6942139       0.2772299    
           67   -1.955116        1.511253       0.9401550       0.2920845    
           68   -2.210551       0.9723400       0.3823853       0.1675219    
           69   -2.204092      -0.3959821       0.2070618       9.2234969E-02
           70   -1.438573       -2.152337       0.1631165       5.3364220E-03
           71  -0.2399440       -1.560429      -3.6712646E-02   0.1217119    
           72   0.5543451       -1.542969       2.9022217E-02   0.2707926    
           73   0.9406594       -1.677779      -0.2246704       0.4645829    
           74   0.9786032       -1.147667      -0.3991699       0.6961136    
           75   0.6821522      -0.8482932      -0.6422119       0.7458531    
           76   0.6406636      -0.9249131      -0.4670105       0.5102536    
           77   0.5903828      -0.3195438      -0.4545593       0.2489881    
           78   0.6328115      -0.4423976      -0.4292297       0.1441042    
           79   0.9114456       0.8094249      -9.9853516E-02   0.1583620    
           80    1.094791       0.2457733       7.6904297E-02   0.1540827    
           81    1.136032       0.4480611      -0.1685791       0.1753189    
           82    1.067401      -0.3347827      -4.8126221E-02   0.2549697    
           83   0.9731444       9.5938116E-02  -9.7381592E-02   0.4325715    
           84   0.9743197      -0.5587031      -0.1842346       0.3614157    
           85   0.8704453      -0.8933395      -0.1198425      -4.8288465E-02
           86   0.5160371      -0.6105231      -2.6672363E-02  -7.1844704E-02
           87   0.4442178      -0.8611263      -0.3933716      -0.1692429    
           88   0.2980318       -1.149119      -0.6454163      -0.2232409    
           89   0.3236023      -0.2662568      -0.2723999      -7.3022455E-02
           90   0.4296583      -0.7601294      -0.4434204      -5.0656747E-02
           91   9.3826316E-02   0.6940615      -0.2107849       1.2870741E-02
           92  -0.4265483       0.4469890      -0.3065186      -1.1221535E-02
           93  -0.7291020      -0.3039780      -3.4637451E-02  -8.4692076E-02
           94  -0.7963055       0.3095791      -0.1072998      -0.3422879    
           95   -1.049811       0.3203088      -0.1262512      -0.6162222    
           96   -1.131507       0.5922516       1.4617920E-02  -0.5021691    
           97   -1.287115        1.440510       0.1406860      -0.3787852    
           98   -1.395547       0.5047529       8.0383301E-02  -0.3592579    
           99   -1.258277      -0.1090647       0.4096069      -0.3803695    
          100   -1.214802      -9.4487704E-02   0.1493835      -0.3537614    
          101   -1.277828       -1.053584       0.2288208      -0.3157755    
          102  -0.9825915      -0.6522955       0.2753601      -0.2963387    
          103  -0.6033944       -1.509473       5.3070068E-02  -0.2990551    
          104   0.2135666      -0.9501150       0.1079712      -0.2556736    
          105   0.6859213       -1.206509      -0.1922302      -0.2112314    
          106   0.7193725       -1.613536      -7.1960449E-02  -0.2104326    
          107   0.6623352       -1.206248       7.8033447E-02  -3.8923513E-02
          108   0.6238295      -0.9309568      -0.1187439       0.1730468    
