         1950            1    27.02000        28.08000    
         1950            2    27.67000        28.14000    
         1950            3    27.03000        28.75000    
         1950            4    27.22000        29.11000    
         1950            5    27.63000        29.04000    
         1950            6    28.03000        28.61000    
         1950            7    27.53000        28.43000    
         1950            8    27.85000        28.42000    
         1950            9    27.97000        28.37000    
         1950           10    27.13000        28.26000    
         1950           11    26.83000        27.89000    
         1950           12    26.93000        27.76000    
         1951            1    27.36000        27.68000    
         1951            2    27.19000        28.02000    
         1951            3    28.43000        28.61000    
         1951            4    29.30000        28.91000    
         1951            5    29.78000        29.06000    
         1951            6    29.23000        28.47000    
         1951            7    29.05000        28.22000    
         1951            8    28.36000        28.11000    
         1951            9    28.16000        28.40000    
         1951           10    28.78000        28.42000    
         1951           11    28.74000        28.12000    
         1951           12    28.87000        28.00000    
         1952            1    28.39000        28.10000    
         1952            2    28.13000        28.47000    
         1952            3    27.66000        29.02000    
         1952            4    28.15000        29.61000    
         1952            5    28.25000        29.38000    
         1952            6    28.20000        28.88000    
         1952            7    28.15000        28.40000    
         1952            8    28.23000        28.18000    
         1952            9    29.00000        28.14000    
         1952           10    28.40000        28.01000    
         1952           11    28.46000        27.75000    
         1952           12    28.51000        27.80000    
         1953            1    28.41000        27.81000    
         1953            2    28.28000        28.20000    
         1953            3    27.68000        29.02000    
         1953            4    28.21000        29.46000    
         1953            5    28.78000        29.50000    
         1953            6    29.56000        29.11000    
         1953            7    29.24000        28.78000    
         1953            8    29.05000        28.38000    
         1953            9    28.64000        28.20000    
         1953           10    29.60000        28.05000    
         1953           11    29.70000        28.07000    
         1953           12    29.45000        28.07000    
         1954            1    28.28000        27.98000    
         1954            2    27.93000        28.23000    
         1954            3    27.55000        28.85000    
         1954            4    28.21000        29.28000    
         1954            5    28.39000        29.27000    
         1954            6    28.24000        28.90000    
         1954            7    27.97000        28.42000    
         1954            8    27.73000        28.21000    
         1954            9    27.59000        28.32000    
         1954           10    27.46000        27.89000    
         1954           11    27.48000        27.70000    
         1954           12    28.06000        27.75000    
         1955            1    27.95000        28.09000    
         1955            2    27.33000        28.19000    
         1955            3    27.08000        28.56000    
         1955            4    27.96000        29.10000    
         1955            5    28.27000        28.65000    
         1955            6    28.06000        28.33000    
         1955            7    28.05000        28.21000    
         1955            8    28.16000        28.22000    
         1955            9    27.32000        28.23000    
         1955           10    27.35000        27.86000    
         1955           11    26.76000        27.63000    
         1955           12    27.48000        27.59000    
         1956            1    27.37000        27.70000    
         1956            2    27.20000        27.97000    
         1956            3    27.47000        28.71000    
         1956            4    27.88000        29.15000    
         1956            5    28.07000        28.77000    
         1956            6    28.11000        28.29000    
         1956            7    28.11000        28.15000    
         1956            8    27.59000        28.01000    
         1956            9    27.54000        28.10000    
         1956           10    28.02000        28.00000    
         1956           11    28.35000        27.84000    
         1956           12    28.54000        27.71000    
         1957            1    28.42000        28.03000    
         1957            2    28.31000        28.25000    
         1957            3    28.04000        29.05000    
         1957            4    28.54000        29.64000    
         1957            5    28.80000        29.68000    
         1957            6    28.61000        29.27000    
         1957            7    28.50000        28.81000    
         1957            8    28.84000        28.47000    
         1957            9    29.00000        28.42000    
         1957           10    29.47000        28.34000    
         1957           11    29.55000        28.35000    
         1957           12    29.25000        28.47000    
         1958            1    29.53000        28.47000    
         1958            2    29.65000        28.43000    
         1958            3    29.20000        29.09000    
         1958            4    29.17000        29.68000    
         1958            5    29.37000        29.52000    
         1958            6    29.54000        29.06000    
         1958            7    29.08000        28.83000    
         1958            8    28.68000        28.53000    
         1958            9    28.69000        28.58000    
         1958           10    29.01000        28.38000    
         1958           11    29.22000        28.07000    
         1958           12    29.25000        28.15000    
         1959            1    28.95000        28.20000    
         1959            2    28.57000        28.48000    
         1959            3    28.64000        28.96000    
         1959            4    28.85000        29.23000    
         1959            5    28.95000        29.36000    
         1959            6    28.24000        28.96000    
         1959            7    28.51000        28.39000    
         1959            8    28.56000        28.18000    
         1959            9    28.51000        28.47000    
         1959           10    28.14000        28.59000    
         1959           11    28.24000        28.30000    
         1959           12    28.14000        28.15000    
         1960            1    27.79000        28.14000    
         1960            2    27.39000        28.25000    
         1960            3    27.45000        28.93000    
         1960            4    27.81000        29.35000    
         1960            5    28.38000        29.22000    
         1960            6    28.37000        28.81000    
         1960            7    28.13000        28.50000    
         1960            8    27.95000        28.45000    
         1960            9    28.13000        28.42000    
         1960           10    28.23000        28.19000    
         1960           11    28.22000        27.98000    
         1960           12    28.40000        28.07000    
         1961            1    27.68000        28.37000    
         1961            2    27.50000        28.80000    
         1961            3    27.76000        29.37000    
         1961            4    27.63000        29.58000    
         1961            5    27.98000        29.59000    
         1961            6    27.80000        29.28000    
         1961            7    27.72000        28.93000    
         1961            8    27.86000        28.65000    
         1961            9    28.21000        28.73000    
         1961           10    28.06000        28.67000    
         1961           11    28.16000        28.53000    
         1961           12    27.82000        28.40000    
         1962            1    27.28000        28.23000    
         1962            2    27.26000        28.48000    
         1962            3    27.38000        28.91000    
         1962            4    27.90000        29.56000    
         1962            5    27.83000        29.59000    
         1962            6    27.86000        29.34000    
         1962            7    27.71000        29.07000    
         1962            8    27.84000        28.90000    
         1962            9    27.97000        28.82000    
         1962           10    27.88000        28.58000    
         1962           11    28.06000        28.39000    
         1962           12    28.02000        28.25000    
         1963            1    27.64000        28.34000    
         1963            2    27.15000        28.44000    
         1963            3    27.06000        28.91000    
         1963            4    27.50000        29.48000    
         1963            5    27.65000        29.35000    
         1963            6    27.61000        28.96000    
         1963            7    28.12000        28.88000    
         1963            8    29.01000        28.61000    
         1963            9    29.04000        28.78000    
         1963           10    29.09000        28.70000    
         1963           11    29.36000        28.68000    
         1963           12    28.91000        28.42000    
         1964            1    28.90000        28.39000    
         1964            2    28.46000        28.42000    
         1964            3    27.94000        29.11000    
         1964            4    27.94000        29.60000    
         1964            5    28.19000        29.32000    
         1964            6    27.77000        28.91000    
         1964            7    27.53000        28.45000    
         1964            8    27.40000        28.36000    
         1964            9    27.27000        28.38000    
         1964           10    27.19000        28.36000    
         1964           11    27.24000        28.05000    
         1964           12    27.00000        28.03000    
         1965            1    27.71000        28.02000    
         1965            2    27.81000        28.38000    
         1965            3    27.84000        28.77000    
         1965            4    27.73000        29.47000    
         1965            5    28.69000        29.25000    
         1965            6    29.27000        28.76000    
         1965            7    29.36000        28.68000    
         1965            8    29.51000        28.33000    
         1965            9    29.39000        28.51000    
         1965           10    29.29000        28.32000    
         1965           11    29.13000        28.26000    
         1965           12    29.10000        28.24000    
         1966            1    28.96000        28.33000    
         1966            2    29.15000        28.71000    
         1966            3    29.37000        29.11000    
         1966            4    28.94000        29.51000    
         1966            5    29.32000        29.40000    
         1966            6    29.49000        29.16000    
         1966            7    29.21000        28.77000    
         1966            8    29.10000        28.65000    
         1966            9    28.94000        28.87000    
         1966           10    28.83000        28.48000    
         1966           11    28.75000        28.33000    
         1966           12    28.13000        28.38000    
         1967            1    27.23000        28.11000    
         1967            2    27.02000        28.36000    
         1967            3    27.42000        29.14000    
         1967            4    28.34000        29.54000    
         1967            5    28.80000        29.66000    
         1967            6    28.61000        29.43000    
         1967            7    28.48000        28.87000    
         1967            8    28.29000        28.55000    
         1967            9    28.02000        28.67000    
         1967           10    28.37000        28.68000    
         1967           11    28.73000        28.37000    
         1967           12    28.39000        28.56000    
         1968            1    27.94000        28.20000    
         1968            2    27.77000        28.38000    
         1968            3    27.65000        28.66000    
         1968            4    27.98000        29.21000    
         1968            5    28.22000        29.22000    
         1968            6    28.95000        28.95000    
         1968            7    28.51000        28.69000    
         1968            8    28.60000        28.55000    
         1968            9    28.60000        28.55000    
         1968           10    28.83000        28.53000    
         1968           11    29.51000        28.19000    
         1968           12    29.43000        28.31000    
         1969            1    29.16000        28.57000    
         1969            2    29.50000        28.75000    
         1969            3    28.97000        29.38000    
         1969            4    28.74000        29.85000    
         1969            5    29.00000        29.70000    
         1969            6    29.38000        29.25000    
         1969            7    28.93000        28.90000    
         1969            8    29.27000        28.86000    
         1969            9    29.31000        28.95000    
         1969           10    29.14000        29.03000    
         1969           11    29.49000        28.61000    
         1969           12    29.22000        28.44000    
         1970            1    28.84000        28.46000    
         1970            2    28.79000        28.69000    
         1970            3    28.86000        29.40000    
         1970            4    28.58000        29.61000    
         1970            5    28.99000        29.65000    
         1970            6    28.75000        29.29000    
         1970            7    28.85000        29.02000    
         1970            8    28.49000        28.86000    
         1970            9    27.70000        28.72000    
         1970           10    27.59000        28.46000    
         1970           11    27.52000        28.21000    
         1970           12    27.23000        28.08000    
         1971            1    26.55000        28.31000    
         1971            2    26.84000        28.27000    
         1971            3    26.85000        28.91000    
         1971            4    27.25000        29.43000    
         1971            5    27.81000        29.50000    
         1971            6    28.07000        29.03000    
         1971            7    27.93000        28.66000    
         1971            8    27.89000        28.44000    
         1971            9    27.70000        28.58000    
         1971           10    28.08000        28.24000    
         1971           11    28.05000        28.07000    
         1971           12    28.43000        28.04000    
         1972            1    28.46000        28.16000    
         1972            2    28.38000        28.31000    
         1972            3    28.28000        28.77000    
         1972            4    28.90000        29.48000    
         1972            5    29.45000        29.61000    
         1972            6    29.52000        29.31000    
         1972            7    29.26000        28.80000    
         1972            8    29.08000        28.79000    
         1972            9    29.36000        28.90000    
         1972           10    29.76000        28.87000    
         1972           11    29.61000        28.95000    
         1972           12    29.21000        28.93000    
         1973            1    29.08000        28.69000    
         1973            2    28.67000        28.84000    
         1973            3    28.32000        29.42000    
         1973            4    28.26000        29.83000    
         1973            5    28.48000        29.69000    
         1973            6    28.16000        29.34000    
         1973            7    28.15000        28.96000    
         1973            8    28.05000        28.64000    
         1973            9    27.66000        28.59000    
         1973           10    27.48000        28.48000    
         1973           11    27.16000        28.33000    
         1973           12    26.49000        28.00000    
         1974            1    26.06000        27.95000    
         1974            2    26.76000        28.18000    
         1974            3    27.07000        28.74000    
         1974            4    27.32000        29.28000    
         1974            5    27.98000        29.37000    
         1974            6    28.11000        28.96000    
         1974            7    27.58000        28.67000    
         1974            8    27.83000        28.56000    
         1974            9    27.83000        28.45000    
         1974           10    27.70000        28.33000    
         1974           11    27.84000        28.20000    
         1974           12    27.86000        28.17000    
         1975            1    28.31000        28.04000    
         1975            2    28.45000        28.59000    
         1975            3    28.16000        29.04000    
         1975            4    27.92000        29.51000    
         1975            5    27.81000        29.51000    
         1975            6    27.97000        28.97000    
         1975            7    27.55000        28.94000    
         1975            8    27.46000        28.59000    
         1975            9    26.79000        28.55000    
         1975           10    26.76000        28.39000    
         1975           11    26.76000        28.14000    
         1975           12    26.87000        27.87000    
         1976            1    27.07000        27.78000    
         1976            2    27.35000        28.30000    
         1976            3    27.39000        28.88000    
         1976            4    28.12000        29.61000    
         1976            5    28.54000        29.66000    
         1976            6    28.52000        29.35000    
         1976            7    28.51000        29.07000    
         1976            8    28.57000        28.99000    
         1976            9    28.85000        28.81000    
         1976           10    29.15000        28.54000    
         1976           11    29.42000        28.27000    
         1976           12    28.73000        28.14000    
         1977            1    28.69000        28.37000    
         1977            2    28.34000        28.49000    
         1977            3    28.19000        29.01000    
         1977            4    28.31000        29.71000    
         1977            5    28.58000        29.87000    
         1977            6    29.01000        29.71000    
         1977            7    29.55000        29.04000    
         1977            8    29.41000        28.96000    
         1977            9    29.38000        28.90000    
         1977           10    29.29000        28.60000    
         1977           11    29.82000        28.53000    
         1977           12    29.66000        28.48000    
         1978            1    29.03000        28.37000    
         1978            2    28.94000        28.68000    
         1978            3    28.39000        29.15000    
         1978            4    28.35000        29.67000    
         1978            5    28.88000        29.69000    
         1978            6    28.62000        29.26000    
         1978            7    27.97000        28.71000    
         1978            8    28.65000        28.53000    
         1978            9    28.97000        28.55000    
         1978           10    28.87000        28.43000    
         1978           11    28.81000        28.46000    
         1978           12    28.66000        28.38000    
         1979            1    28.84000        28.58000    
         1979            2    28.62000        28.63000    
         1979            3    28.11000        29.17000    
         1979            4    27.99000        29.78000    
         1979            5    28.95000        29.60000    
         1979            6    28.96000        29.33000    
         1979            7    29.14000        29.06000    
         1979            8    28.86000        28.81000    
         1979            9    29.39000        28.85000    
         1979           10    29.63000        28.82000    
         1979           11    29.42000        28.47000    
         1979           12    29.21000        28.53000    
         1980            1    28.77000        28.48000    
         1980            2    28.55000        28.46000    
         1980            3    28.50000        29.19000    
         1980            4    28.59000        29.75000    
         1980            5    29.27000        29.99000    
         1980            6    29.55000        29.46000    
         1980            7    29.50000        29.16000    
         1980            8    28.94000        28.86000    
         1980            9    28.91000        28.69000    
         1980           10    29.11000        28.82000    
         1980           11    29.01000        28.71000    
         1980           12    28.82000        28.50000    
         1981            1    28.26000        28.47000    
         1981            2    28.36000        28.67000    
         1981            3    28.58000        29.35000    
         1981            4    28.32000        29.83000    
         1981            5    28.35000        29.71000    
         1981            6    28.57000        29.33000    
         1981            7    28.74000        29.05000    
         1981            8    28.65000        28.96000    
         1981            9    28.50000        28.85000    
         1981           10    28.85000        28.85000    
         1981           11    28.67000        28.46000    
         1981           12    28.81000        28.22000    
         1982            1    28.20000        28.27000    
         1982            2    28.05000        28.56000    
         1982            3    28.31000        29.10000    
         1982            4    28.76000        29.63000    
         1982            5    29.24000        29.79000    
         1982            6    29.36000        29.13000    
         1982            7    28.84000        29.05000    
         1982            8    29.03000        28.83000    
         1982            9    29.02000        28.89000    
         1982           10    29.35000        28.86000    
         1982           11    28.91000        28.71000    
         1982           12    29.10000        28.44000    
         1983            1    29.00000        28.27000    
         1983            2    28.82000        28.72000    
         1983            3    28.90000        29.12000    
         1983            4    29.05000        29.74000    
         1983            5    29.59000        29.97000    
         1983            6    29.36000        29.81000    
         1983            7    29.01000        29.33000    
         1983            8    28.91000        29.17000    
         1983            9    28.20000        29.09000    
         1983           10    27.98000        28.96000    
         1983           11    27.81000        28.57000    
         1983           12    27.47000        28.38000    
         1984            1    27.18000        28.28000    
         1984            2    26.95000        28.44000    
         1984            3    27.24000        29.01000    
         1984            4    27.39000        29.55000    
         1984            5    28.06000        29.30000    
         1984            6    28.62000        28.93000    
         1984            7    28.82000        28.65000    
         1984            8    28.51000        28.41000    
         1984            9    28.39000        28.64000    
         1984           10    28.37000        28.57000    
         1984           11    28.39000        28.53000    
         1984           12    27.99000        28.34000    
         1985            1    27.87000        28.38000    
         1985            2    27.92000        28.70000    
         1985            3    27.64000        29.07000    
         1985            4    27.76000        29.54000    
         1985            5    27.67000        29.76000    
         1985            6    27.93000        29.12000    
         1985            7    28.37000        28.93000    
         1985            8    28.59000        28.71000    
         1985            9    28.76000        28.63000    
         1985           10    28.65000        28.35000    
         1985           11    28.64000        28.23000    
         1985           12    28.77000        28.22000    
         1986            1    28.18000        28.06000    
         1986            2    28.39000        28.41000    
         1986            3    28.13000        28.84000    
         1986            4    27.76000        29.45000    
         1986            5    28.52000        29.58000    
         1986            6    29.05000        29.34000    
         1986            7    28.96000        29.04000    
         1986            8    29.51000        28.82000    
         1986            9    30.04000        28.87000    
         1986           10    29.97000        28.71000    
         1986           11    30.08000        28.35000    
         1986           12    29.47000        28.38000    
         1987            1    29.00000        28.42000    
         1987            2    29.05000        28.72000    
         1987            3    29.06000        29.49000    
         1987            4    29.19000        29.85000    
         1987            5    29.45000        30.04000    
         1987            6    29.68000        29.67000    
         1987            7    29.59000        29.42000    
         1987            8    29.73000        29.14000    
         1987            9    29.81000        29.28000    
         1987           10    30.40000        29.07000    
         1987           11    30.01000        28.92000    
         1987           12    29.88000        28.53000    
         1988            1    29.46000        28.71000    
         1988            2    28.93000        29.00000    
         1988            3    28.54000        29.55000    
         1988            4    28.52000        29.93000    
         1988            5    28.25000        29.89000    
         1988            6    27.92000        29.69000    
         1988            7    28.15000        29.25000    
         1988            8    28.49000        29.11000    
         1988            9    28.31000        29.08000    
         1988           10    27.46000        28.85000    
         1988           11    27.25000        28.47000    
         1988           12    26.85000        28.37000    
         1989            1    26.65000        28.37000    
         1989            2    26.65000        28.44000    
         1989            3    27.06000        29.03000    
         1989            4    27.66000        29.40000    
         1989            5    28.37000        29.43000    
         1989            6    28.30000        28.78000    
         1989            7    28.46000        28.66000    
         1989            8    28.05000        28.63000    
         1989            9    28.59000        28.75000    
         1989           10    28.46000        28.55000    
         1989           11    27.99000        28.48000    
         1989           12    28.99000        28.50000    
         1990            1    28.95000        28.47000    
         1990            2    29.09000        28.82000    
         1990            3    29.07000        29.25000    
         1990            4    29.16000        29.89000    
         1990            5    29.18000        29.76000    
         1990            6    29.31000        29.35000    
         1990            7    29.52000        29.10000    
         1990            8    29.69000        28.87000    
         1990            9    29.68000        28.86000    
         1990           10    29.63000        28.72000    
         1990           11    29.74000        28.60000    
         1990           12    29.90000        28.79000    
         1991            1    29.61000        28.85000    
         1991            2    29.06000        28.91000    
         1991            3    28.57000        29.57000    
         1991            4    28.94000        30.19000    
         1991            5    29.76000        30.35000    
         1991            6    29.38000        29.74000    
         1991            7    29.35000        29.40000    
         1991            8    29.30000        29.08000    
         1991            9    29.69000        29.03000    
         1991           10    30.16000        28.98000    
         1991           11    29.92000        28.74000    
         1991           12    29.67000        28.55000    
         1992            1    29.18000        28.46000    
         1992            2    29.18000        28.64000    
         1992            3    29.25000        29.12000    
         1992            4    29.39000        29.83000    
         1992            5    29.70000        29.76000    
         1992            6    29.81000        29.31000    
         1992            7    29.88000        29.05000    
         1992            8    29.56000        28.78000    
         1992            9    29.50000        28.80000    
         1992           10    29.24000        28.61000    
         1992           11    28.92000        28.37000    
         1992           12    29.28000        28.19000    
         1993            1    29.45000        28.35000    
         1993            2    28.71000        28.49000    
         1993            3    28.68000        29.30000    
         1993            4    28.95000        29.90000    
         1993            5    29.50000        29.92000    
         1993            6    29.54000        29.56000    
         1993            7    29.60000        29.05000    
         1993            8    29.70000        28.81000    
         1993            9    29.66000        28.79000    
         1993           10    29.42000        28.65000    
         1993           11    29.27000        28.66000    
         1993           12    29.36000        28.22000    
         1994            1    29.04000        28.42000    
         1994            2    28.24000        28.74000    
         1994            3    27.94000        29.23000    
         1994            4    28.22000        29.91000    
         1994            5    29.12000        30.16000    
         1994            6    29.50000        29.57000    
         1994            7    30.12000        29.22000    
         1994            8    30.22000        29.03000    
         1994            9    30.13000        28.87000    
         1994           10    30.40000        28.85000    
         1994           11    30.34000        28.50000    
         1994           12    29.78000        28.60000    
         1995            1    29.73000        28.67000    
         1995            2    29.82000        28.84000    
         1995            3    29.64000        29.26000    
         1995            4    29.47000        29.83000    
         1995            5    29.50000        29.89000    
         1995            6    29.40000        29.52000    
         1995            7    29.56000        29.31000    
         1995            8    29.38000        28.89000    
         1995            9    28.93000        28.81000    
         1995           10    28.94000        28.59000    
         1995           11    28.81000        28.31000    
         1995           12    28.49000        28.42000    
         1996            1    28.14000        28.39000    
         1996            2    27.48000        28.67000    
         1996            3    27.60000        29.24000    
         1996            4    28.06000        29.56000    
         1996            5    28.77000        29.70000    
         1996            6    28.95000        29.32000    
         1996            7    28.88000        29.09000    
         1996            8    28.88000        28.78000    
         1996            9    28.95000        29.09000    
         1996           10    28.95000        28.64000    
         1996           11    28.91000        28.55000    
         1996           12    28.87000        28.48000    
         1997            1    28.80000        28.54000    
         1997            2    29.00000        28.71000    
         1997            3    29.13000        29.35000    
         1997            4    29.91000        29.80000    
         1997            5    29.67000        29.89000    
         1997            6    29.68000        29.62000    
         1997            7    29.52000        29.10000    
         1997            8    29.71000        29.12000    
         1997            9    29.90000        29.08000    
         1997           10    29.61000        28.95000    
         1997           11    29.51000        29.01000    
         1997           12    29.15000        29.00000    
         1998            1    28.99000        29.11000    
         1998            2    29.03000        29.43000    
         1998            3    29.20000        29.87000    
         1998            4    28.97000        30.35000    
         1998            5    28.81000        30.47000    
         1998            6    28.67000        30.01000    
         1998            7    28.56000        29.54000    
         1998            8    28.28000        29.15000    
         1998            9    27.76000        28.95000    
         1998           10    27.12000        28.90000    
         1998           11    27.19000        28.61000    
         1998           12    27.02000        28.50000    
         1999            1    26.52000        28.57000    
         1999            2    26.47000        29.04000    
         1999            3    26.72000        29.55000    
         1999            4    27.58000        29.95000    
         1999            5    28.25000        29.69000    
         1999            6    28.23000        29.34000    
         1999            7    27.80000        29.04000    
         1999            8    27.69000        28.99000    
         1999            9    27.88000        29.02000    
         1999           10    28.11000        28.86000    
         1999           11    27.82000        28.78000    
         1999           12    27.32000        28.61000    
         2000            1    27.10000        28.70000    
         2000            2    26.70000        28.67000    
         2000            3    26.51000        29.13000    
         2000            4    26.94000        29.95000    
         2000            5    27.75000        29.90000    
         2000            6    28.48000        29.23000    
         2000            7    28.69000        29.29000    
         2000            8    28.54000        29.06000    
         2000            9    28.76000        29.06000    
         2000           10    28.51000        29.03000    
         2000           11    27.91000        28.82000    
         2000           12    27.46000        28.76000    
         2001            1    27.24000        28.63000    
         2001            2    27.08000        28.80000    
         2001            3    27.33000        29.45000    
         2001            4    28.05000        29.97000    
         2001            5    28.70000        30.14000    
         2001            6    29.09000        29.63000    
         2001            7    29.40000        29.19000    
         2001            8    29.43000        29.17000    
         2001            9    29.59000        29.19000    
         2001           10    29.75000        29.04000    
         2001           11    29.59000        28.81000    
         2001           12    29.47000        28.75000    
         2002            1    29.74000        28.63000    
         2002            2    29.19000        28.72000    
         2002            3    28.87000        29.45000    
         2002            4    29.43000        30.01000    
         2002            5    29.92000        29.88000    
         2002            6    29.96000        29.46000    
         2002            7    29.93000        29.50000    
         2002            8    29.82000        29.28000    
         2002            9    29.73000        29.32000    
         2002           10    29.83000        29.23000    
         2002           11    30.04000        28.86000    
         2002           12    30.18000        28.94000    
         2003            1    29.49000        28.92000    
         2003            2    29.25000        29.10000    
         2003            3    29.07000        29.60000    
         2003            4    29.08000        30.21000    
         2003            5    29.45000        30.23000    
         2003            6    29.67000        29.71000    
         2003            7    29.61000        29.24000    
         2003            8    29.62000        29.31000    
         2003            9    29.54000        29.30000    
         2003           10    29.63000        29.17000    
         2003           11    29.69000        29.01000    
         2003           12    29.64000        28.78000    
         2004            1    29.24000        28.78000    
         2004            2    29.03000        29.00000    
         2004            3    28.83000        29.42000    
         2004            4    29.02000        30.00000    
         2004            5    29.37000        30.11000    
         2004            6    29.52000        29.56000    
         2004            7    29.70000        29.23000    
         2004            8    29.98000        28.99000    
         2004            9    30.23000        29.06000    
         2004           10    30.17000        28.90000    
         2004           11    30.21000        28.63000    
         2004           12    30.03000        28.58000    
         2005            1    29.74000        28.61000    
         2005            2    29.49000        28.98000    
         2005            3    29.07000        29.62000    
         2005            4    29.31000        30.23000    
         2005            5    29.57000        30.22000    
         2005            6    29.75000        29.83000    
         2005            7    29.34000        29.30000    
         2005            8    29.22000        29.27000    
         2005            9    29.43000        29.16000    
         2005           10    29.29000        28.84000    
         2005           11    28.75000        28.54000    
         2005           12    28.56000        28.32000    
         2006            1    27.90000        28.43000    
         2006            2    27.34000        28.80000    
         2006            3    27.43000        29.30000    
         2006            4    28.04000        30.04000    
         2006            5    28.80000        30.08000    
         2006            6    29.39000        29.62000    
         2006            7    29.72000        29.31000    
         2006            8    29.90000        29.16000    
         2006            9    29.95000        29.14000    
         2006           10    30.15000        29.18000    
         2006           11    30.21000        28.97000    
         2006           12    30.01000        28.91000    
         2007            1    29.46000        28.66000    
         2007            2    29.10000        28.94000    
         2007            3    28.98000        29.51000    
         2007            4    28.85000        29.97000    
         2007            5    28.92000        30.18000    
         2007            6    29.06000        29.83000    
         2007            7    28.85000        29.27000    
         2007            8    28.65000        29.10000    
         2007            9    28.21000        29.08000    
         2007           10    28.26000        28.90000    
         2007           11    28.30000        28.71000    
         2007           12    27.91000        28.61000    
         2008            1    27.36000        28.64000    
         2008            2    26.48000        28.61000    
         2008            3    26.93000        28.97000    
         2008            4    27.21000        29.68000    
         2008            5    27.92000        29.89000    
         2008            6    28.24000        29.58000    
         2008            7    28.28000        29.26000    
         2008            8    28.33000        29.34000    
         2008            9    28.36000        29.63000    
         2008           10    28.55000        29.35000    
         2008           11    28.28000        28.98000    
         2008           12    28.09000        28.73000    
         2009            1    27.30000        28.62000    
         2009            2    27.39000        28.90000    
         2009            3    27.82000        29.59000    
         2009            4    28.71000        30.13000    
         2009            5    29.10000        30.16000    
         2009            6    29.26000        29.90000    
         2009            7    29.37000        29.39000    
         2009            8    29.53000        29.21000    
         2009            9    29.77000        29.11000    
         2009           10    30.44000        29.08000    
         2009           11    30.38000        29.06000    
         2009           12    30.19000        28.90000    
         2010            1    29.86000        28.78000    
         2010            2    29.54000        29.19000    
         2010            3    29.29000        29.61000    
         2010            4    29.31000        30.32000    
         2010            5    29.00000        30.41000    
         2010            6    28.61000        29.94000    
         2010            7    28.31000        29.50000    
         2010            8    27.77000        29.30000    
         2010            9    27.50000        29.22000    
         2010           10    27.42000        29.10000    
         2010           11    27.73000        28.56000    
         2010           12    27.91000        28.38000    
         2011            1    27.30000        28.30000    
         2011            2    27.13000        28.54000    
         2011            3    27.38000        29.12000    
         2011            4    28.23000        29.66000    
         2011            5    28.35000        30.00000    
         2011            6    28.54000        29.52000    
         2011            7    28.62000        29.30000    
         2011            8    28.57000        29.08000    
         2011            9    28.27000        29.14000    
         2011           10    28.06000        29.00000    
         2011           11    27.79000        28.89000    
         2011           12    27.35000        28.55000    
         2012            1    27.36000        28.58000    
         2012            2    27.69000        28.85000    
         2012            3    27.62000        29.33000    
         2012            4    28.02000        30.04000    
         2012            5    28.43000        29.96000    
         2012            6    28.42000        29.40000    
         2012            7    28.81000        29.23000    
         2012            8    29.03000        29.07000    
         2012            9    28.87000        28.95000    
         2012           10    29.09000        28.98000    
         2012           11    29.10000        28.86000    
         2012           12    28.93000        28.85000    
         2013            1    28.40000        28.69000    
         2013            2    27.95000        29.00000    
         2013            3    27.45000        29.64000    
         2013            4    27.88000        29.93000    
         2013            5    28.35000        29.89000    
         2013            6    28.72000        29.40000    
         2013            7    29.10000        29.05000    
         2013            8    28.93000        28.83000    
         2013            9    28.96000        29.12000    
         2013           10    28.92000        29.29000    
         2013           11    28.54000        29.03000    
         2013           12    28.42000        28.66000    
         2014            1    27.75000        28.65000    
         2014            2    28.33000        28.84000    
         2014            3    28.46000        29.44000    
         2014            4    29.02000        30.04000    
         2014            5    29.54000        30.16000    
         2014            6    29.19000        29.89000    
         2014            7    29.27000        29.58000    
         2014            8    29.64000        29.37000    
         2014            9    29.62000        29.24000    
         2014           10    29.75000        29.28000    
         2014           11    29.75000        29.01000    
         2014           12    29.60000        28.99000    
         2015            1    29.32000        28.76000    
         2015            2    29.30000        28.86000    
         2015            3    29.47000        29.48000    
         2015            4    30.07000        30.07000    
         2015            5    30.21000        30.32000    
         2015            6    30.28000        29.98000    
         2015            7    29.99000        29.70000    
         2015            8    29.99000        29.66000    
         2015            9    29.81000        29.62000    
         2015           10    29.81000        29.67000    
         2015           11    30.17000        29.28000    
         2015           12    30.10000        29.25000    
