         1979   -23.74304       -1.040314    
         1980    8.450445       -3.496490    
         1981   -3.483267       -1.671051    
         1982   -14.96819       -4.517975    
         1983   -61.10078       -3.122192    
         1984   -1.674387       -1.472687    
         1985   -14.65266      -0.7607727    
         1986   -34.54272       -2.287018    
         1987    25.77835       -1.411407    
         1988    1.623130      -0.5174255    
         1989   -32.98492       -1.495911    
         1990   -1.305800       3.9794922E-02
         1991   -30.46539      -5.4382324E-02
         1992   -91.61812       -5.969269    
         1993    8.029101       -1.154266    
         1994   -67.98298       -3.160980    
         1995    4.456045       0.9342957    
         1996   -71.37651       -6.276672    
         1997   -14.19910       -3.139404    
         1998    41.08587        1.554688    
         1999   -14.66851       0.8348694    
         2000   -15.37104       -2.841217    
         2001   -9.779450       -1.909882    
         2002    8.442965        1.618530    
         2003    44.31627        1.285156    
         2004    11.50701        2.308502    
         2005    25.24575        6.262238    
         2006    12.33571        3.367737    
         2007    54.99371        6.922180    
         2008    32.29909        1.714691    
         2009    26.14537        1.717010    
         2010    54.79302        4.593048    
         2011    55.13173        4.996826    
         2012    75.68107        6.725739    
         2013   -26.51872      -0.7215576    
         2014    40.12088        2.145081    
