   7.1423357e-01   2.4773299e+01
   1.9508081e+00   4.5308328e+01
   2.5397363e+00   2.3533819e+01
   2.8377268e+00   3.5590757e+01
   3.1522616e+00   3.6630241e+01
   3.4237338e+00   5.0346470e+01
   5.5699644e+00   5.4443706e+01
   7.8445404e+00   6.7643214e+01
   8.4352257e+00   6.5588473e+01
   9.7075130e+00   7.7490659e+01
   1.0937630e+01   7.3701447e+01
   1.2647185e+01   6.1381394e+01
   1.3109558e+01   9.1157680e+01
   1.3114814e+01   8.4806430e+01
   1.3574703e+01   9.5949844e+01
   1.4862649e+01   9.5534177e+01
   1.5154803e+01   1.2019320e+02
   1.5844147e+01   1.1965988e+02
   1.6005609e+01   1.0098261e+02
   1.6294474e+01   1.2013301e+02
   1.6982586e+01   1.0296131e+02
   1.8115839e+01   1.0997800e+02
   1.8267517e+01   1.1420311e+02
   1.8314711e+01   1.2883945e+02
   1.8679865e+01   1.1347224e+02
   1.9143339e+01   1.3039477e+02
   1.9150137e+01   1.4094375e+02
   1.9189849e+01   1.3855588e+02
   1.9297771e+01   1.1095235e+02
   1.9411856e+01   1.2629192e+02
